5.414444446563721,2,73842,0.4358816146850586
5.41478157043457,3,147832,0.06427407264709473
5.416582107543945,4,221577,0.09181022644042969
5.414834022521973,5,295483,0.06598234176635742
5.412468910217285,6,369417,0.0661015510559082
5.409414768218994,7,443295,0.06387138366699219
5.405858993530273,8,517117,0.06335234642028809
5.401227951049805,9,591128,0.063629150390625
5.393948554992676,10,665419,0.06363797187805176
5.385676860809326,11,739122,0.06363868713378906
5.381082534790039,12,813112,0.06364178657531738
5.371551036834717,13,887060,0.06358528137207031
5.360972881317139,14,961134,0.06358671188354492
5.3530497550964355,15,1035313,0.06353306770324707
5.340555191040039,16,1109401,0.06364130973815918
5.329342365264893,17,1183811,0.06358098983764648
5.315468788146973,18,1258165,0.06393051147460938
5.300483703613281,19,1332015,0.06368494033813477
5.286211013793945,20,1405760,0.06356072425842285
5.272330284118652,21,1479505,0.06341385841369629
5.253483772277832,22,1553313,0.06346297264099121
5.238275527954102,23,1627121,0.0632472038269043
5.222248077392578,24,1700586,0.06346416473388672
5.2038068771362305,25,1774401,0.06349015235900879
5.185120105743408,26,1848489,0.06349492073059082
5.165035247802734,27,1922150,0.06354069709777832
5.147439002990723,28,1996266,0.0632777214050293
5.126344203948975,29,2070347,0.06338763236999512
5.104854583740234,30,2144176,0.06345653533935547
5.08420991897583,31,2218320,0.06328892707824707
5.064640998840332,32,2292555,0.06340169906616211
5.040065288543701,33,2366104,0.06339740753173828
5.017113208770752,34,2440367,0.06331849098205566
4.9966206550598145,35,2514007,0.06331825256347656
4.973700523376465,36,2588144,0.06338357925415039
4.948221683502197,37,2661854,0.06324481964111328
4.926331996917725,38,2736054,0.0634145736694336
4.905052185058594,39,2809932,0.0632016658782959
4.882614612579346,40,2883754,0.0633854866027832
4.862309455871582,41,2957359,0.06322097778320312
4.835975170135498,42,3031230,0.06331157684326172
4.810184001922607,43,3105171,0.06706643104553223
4.792980670928955,44,3179280,0.06357598304748535
4.772406578063965,45,3253312,0.06340575218200684
4.745887756347656,46,3327267,0.06333518028259277
4.722421169281006,47,3401313,0.06325578689575195
4.700612545013428,48,3475499,0.06320405006408691
4.6804914474487305,49,3549293,0.06317019462585449
4.661715984344482,50,3623787,0.06325697898864746
4.634220123291016,51,3697413,0.0631704330444336
4.612081050872803,52,3771340,0.06319880485534668
4.593942165374756,53,3845498,0.06325292587280273
4.569474697113037,54,3919691,0.06312131881713867
4.547157287597656,55,3993506,0.0630655288696289
4.523933410644531,56,4067440,0.0632169246673584
4.498427391052246,57,4141479,0.06335854530334473
4.480510234832764,58,4215840,0.06307029724121094
4.456413745880127,59,4289900,0.06319046020507812
4.437891960144043,60,4363799,0.06301522254943848
4.416377544403076,61,4437376,0.06339240074157715
4.39228630065918,62,4510981,0.06328868865966797
4.373332977294922,63,4585314,0.06322145462036133
4.347877025604248,64,4659318,0.06313490867614746
4.327486991882324,65,4733672,0.06307268142700195
4.306839942932129,66,4807935,0.06293869018554688
4.285353183746338,67,4881477,0.06317615509033203
4.263370037078857,68,4955551,0.06298565864562988
4.2358527183532715,69,5029037,0.06301450729370117
4.212664604187012,70,5103216,0.06296920776367188
4.196653366088867,71,5177486,0.0629572868347168
4.17622709274292,72,5251532,0.06294107437133789
4.146565914154053,73,5325872,0.06288456916809082
4.131219387054443,74,5399617,0.06293749809265137
4.107840061187744,75,5473600,0.06287789344787598
4.076717376708984,76,5547310,0.06299662590026855
4.061063289642334,77,5621461,0.06300950050354004
4.030693054199219,78,5695682,0.06278038024902344
4.0151472091674805,79,5769644,0.06273913383483887
3.988882303237915,80,5843858,0.06269001960754395
3.967647075653076,81,5917806,0.06279945373535156
3.9329121112823486,82,5992188,0.06284594535827637
3.913357973098755,83,6066584,0.0627126693725586
3.886927366256714,84,6140644,0.062291860580444336
3.8656182289123535,85,6214396,0.06227827072143555
3.840019941329956,86,6288512,0.062235355377197266
3.8129773139953613,87,6362173,0.06238746643066406
3.7896275520324707,88,6435904,0.06221342086791992
3.7672083377838135,89,6509432,0.062287092208862305
3.7345869541168213,90,6583401,0.062235116958618164
3.7094616889953613,91,6657454,0.06222891807556152
3.6721858978271484,92,6731325,0.062363624572753906
3.6626360416412354,93,6805343,0.062195777893066406
3.6421518325805664,94,6879403,0.06322002410888672
3.617515802383423,95,6953414,0.06266427040100098
3.589722156524658,96,7027180,0.06240224838256836
3.563657283782959,97,7100967,0.06220865249633789
3.54488205909729,98,7174992,0.062098026275634766
3.5087943077087402,99,7248940,0.06203627586364746
3.4925718307495117,100,7323133,0.062175750732421875
3.455049514770508,101,7397053,0.06202054023742676
3.4334139823913574,102,7471015,0.06203794479370117
3.4261252880096436,103,7544515,0.062076568603515625
3.3975744247436523,104,7618666,0.062005043029785156
3.3951938152313232,105,7692824,0.062271833419799805
3.3545401096343994,106,7766674,0.06204986572265625
3.312708616256714,107,7840748,0.06200003623962402
3.3200862407684326,108,7914843,0.06202578544616699
3.28133487701416,109,7988868,0.06208395957946777
3.25203275680542,110,8062928,0.0619969367980957
3.2242326736450195,111,8136722,0.06208920478820801
3.199281930923462,112,8210691,0.06198740005493164
3.191288948059082,113,8284646,0.06203818321228027
3.1487371921539307,114,8358839,0.061946868896484375
3.1352503299713135,115,8432801,0.062018632888793945
3.0825088024139404,116,8506777,0.06217360496520996
3.072687864303589,117,8580389,0.06188631057739258
3.044154644012451,118,8654449,0.061884164810180664
3.0199899673461914,119,8728726,0.06189298629760742
2.994473934173584,120,8802737,0.06177973747253418
2.9690945148468018,121,8876293,0.06185293197631836
2.934767723083496,122,8950241,0.06185126304626465
2.9225242137908936,123,9024546,0.06192946434020996
2.9027774333953857,124,9098291,0.0618894100189209
2.8676717281341553,125,9172239,0.06195259094238281
2.8599894046783447,126,9246110,0.061765193939208984
2.8467845916748047,127,9320254,0.061646223068237305
2.8044254779815674,128,9394433,0.061936378479003906
2.8102500438690186,129,9468668,0.0618433952331543
2.792891263961792,130,9542539,0.06170344352722168
2.7637038230895996,131,9616480,0.06193208694458008
2.7371878623962402,132,9689924,0.06170082092285156
2.7288551330566406,133,9764271,0.06199026107788086
2.7148053646087646,134,9838359,0.06189227104187012
2.6889045238494873,135,9912146,0.06196713447570801
2.6555609703063965,136,9986647,0.06202077865600586
2.6594643592834473,137,10060861,0.06211400032043457
2.6545169353485107,138,10134900,0.06204485893249512
2.6188838481903076,139,10208848,0.061730384826660156
2.6185898780822754,140,10282544,0.061936378479003906
2.596169948577881,141,10356548,0.06191134452819824
2.5933029651641846,142,10430314,0.0618290901184082
2.572211503982544,143,10504136,0.0618138313293457
2.5697221755981445,144,10578196,0.06177258491516113
2.5456857681274414,145,10652151,0.061779022216796875
2.5489399433135986,146,10726092,0.06179356575012207
2.502227783203125,147,10800159,0.06184864044189453
2.5251238346099854,148,10873792,0.06201815605163574
2.4839067459106445,149,10947866,0.06177115440368652
2.480290174484253,150,11021611,0.06203126907348633
2.463419198989868,151,11095566,0.06173896789550781
2.4580628871917725,152,11169710,0.061907052993774414
2.425595760345459,153,11244260,0.06177234649658203
2.3934621810913086,154,11318040,0.06183481216430664
2.417287826538086,155,11391799,0.06173443794250488
2.4040305614471436,156,11465313,0.06193065643310547
2.3683276176452637,157,11539149,0.06180119514465332
2.3626625537872314,158,11612950,0.061780691146850586
2.373243808746338,159,11687143,0.06191301345825195
2.3927316665649414,160,11760727,0.061821937561035156
2.33372163772583,161,11834493,0.061910390853881836
2.3388562202453613,162,11908791,0.061873435974121094
2.3274261951446533,163,11982361,0.062006235122680664
2.3014779090881348,164,12056344,0.06184530258178711
2.304988145828247,165,12130250,0.0617365837097168
2.3020095825195312,166,12204331,0.061678171157836914
2.3159525394439697,167,12278734,0.06185603141784668
2.2884180545806885,168,12352171,0.06200671195983887
2.2775580883026123,169,12426609,0.06174945831298828
2.2754478454589844,170,12500242,0.061957597732543945
2.26777982711792,171,12573812,0.0616610050201416
2.2482407093048096,172,12647816,0.06175422668457031
2.260258913040161,173,12721925,0.061788320541381836
2.2518861293792725,174,12795768,0.06183004379272461
2.2365620136260986,175,12869527,0.06186485290527344
2.200395107269287,176,12943790,0.06187844276428223
2.2278478145599365,177,13017612,0.06182456016540527
2.1962974071502686,178,13091595,0.061865806579589844
2.2076430320739746,179,13165487,0.061974525451660156
2.216049909591675,180,13239365,0.06179165840148926
2.1933794021606445,181,13313075,0.06185650825500488
2.167673349380493,182,13386785,0.06175661087036133
2.177534341812134,183,13461013,0.06177163124084473
2.1690495014190674,184,13535514,0.061887264251708984
2.158846139907837,185,13609525,0.06185722351074219
2.1611368656158447,186,13683235,0.06181192398071289
2.1332552433013916,187,13757225,0.06174278259277344
2.1186892986297607,188,13831747,0.06185579299926758
2.124199390411377,189,13905058,0.06177687644958496
2.1281516551971436,190,13978551,0.06217479705810547
2.1196699142456055,191,14052667,0.06197333335876465
2.1407127380371094,192,14126636,0.061784982681274414
2.105388879776001,193,14200899,0.0619509220123291
2.072136163711548,194,14274889,0.061842918395996094
2.114649534225464,195,14348977,0.061954498291015625
2.1084959506988525,196,14422897,0.06188058853149414
2.069627046585083,197,14496663,0.06204819679260254
2.0590736865997314,198,14571115,0.06178021430969238
2.058828830718994,199,14645105,0.06190013885498047
2.0472261905670166,200,14719095,0.06287074089050293
2.0651190280914307,201,14792658,0.06211972236633301
2.0656774044036865,202,14866249,0.061862945556640625
2.032390594482422,203,14940085,0.06184220314025879
2.039785146713257,204,15013914,0.06207418441772461
2.065290927886963,205,15088212,0.06181144714355469
2.032615900039673,206,15162027,0.06190919876098633
2.013640880584717,207,15236010,0.061762094497680664
2.0266621112823486,208,15309860,0.061798810958862305
1.9851032495498657,209,15384025,0.06203627586364746
1.98894202709198,210,15458085,0.061762094497680664
1.988298773765564,211,15531851,0.06193661689758301
1.9949949979782104,212,15605365,0.06188035011291504
2.002159833908081,213,15679201,0.06184053421020508
1.9929810762405396,214,15753030,0.06194496154785156
1.9668470621109009,215,15826649,0.06185603141784668
1.9885365962982178,216,15900394,0.06167030334472656
1.975654125213623,217,15974671,0.06188249588012695
1.9788120985031128,218,16048668,0.06171774864196777
1.9694339036941528,219,16122868,0.0619351863861084
1.9687769412994385,220,16196704,0.06224846839904785
1.9532508850097656,221,16270526,0.06168532371520996
1.9539443254470825,222,16344411,0.06182861328125
1.963218092918396,223,16418310,0.06182408332824707
1.9413617849349976,224,16492223,0.0617823600769043
1.9389429092407227,225,16566150,0.061777353286743164
1.945322036743164,226,16640098,0.0616300106048584
1.9116642475128174,227,16714193,0.06203174591064453
1.956626057624817,228,16788022,0.06176137924194336
1.9049638509750366,229,16861746,0.061760902404785156
1.9207420349121094,230,16935736,0.06177043914794922
1.930637001991272,231,17009229,0.06172776222229004
1.867837905883789,232,17083261,0.06187796592712402
1.9078197479248047,233,17157041,0.06183433532714844
1.8862301111221313,234,17231115,0.061701297760009766
1.9043432474136353,235,17304916,0.06186175346374512
1.9047125577926636,236,17378864,0.06184649467468262
1.8757554292678833,237,17453183,0.06173205375671387
1.867523431777954,238,17527397,0.061899423599243164
1.8976223468780518,239,17601128,0.06175971031188965
1.8718734979629517,240,17674768,0.06298494338989258
1.8716660737991333,241,17748842,0.06237363815307617
1.8830662965774536,242,17822475,0.06180381774902344
1.8693959712982178,243,17895758,0.06175589561462402
1.8639028072357178,244,17969664,0.061864614486694336
1.852199673652649,245,18043815,0.061806678771972656
1.8382279872894287,246,18117581,0.06190633773803711
1.8525882959365845,247,18191641,0.06201481819152832
1.866106390953064,248,18265687,0.06185603141784668
1.8604751825332642,249,18340118,0.061783552169799805
1.843104600906372,250,18413954,0.061862945556640625
1.8408660888671875,251,18487937,0.06182408332824707
1.8260447978973389,252,18561969,0.06195831298828125
1.8179247379302979,253,18635742,0.0618283748626709
1.8451093435287476,254,18709935,0.06194949150085449
1.8319216966629028,255,18783967,0.0618438720703125
1.8169604539871216,256,18858041,0.06183004379272461
1.8463058471679688,257,18932017,0.061739206314086914
1.8298964500427246,258,19005510,0.06183815002441406
1.8026032447814941,259,19079829,0.06183981895446777
1.820449709892273,260,19153875,0.061887264251708984
1.8071866035461426,261,19227725,0.061887264251708984
1.8049310445785522,262,19301911,0.061850547790527344
1.8207260370254517,263,19376216,0.06196713447570801
1.8108413219451904,264,19449646,0.06185030937194824
1.8003394603729248,265,19523461,0.061806440353393555
1.823462724685669,266,19597262,0.06192922592163086
1.7955212593078613,267,19671581,0.06164383888244629
1.7801622152328491,268,19745704,0.06172776222229004
1.7776479721069336,269,19819624,0.06183958053588867
1.8049283027648926,270,19893509,0.061810970306396484
1.7925149202346802,271,19967240,0.061836957931518555
1.785075068473816,272,20040845,0.061864614486694336
1.7736923694610596,273,20114821,0.0618436336517334
1.784087896347046,274,20189168,0.06199073791503906
1.777899980545044,275,20263333,0.061743736267089844
1.7576559782028198,276,20337512,0.06179380416870117
1.7918566465377808,277,20411047,0.06383085250854492
1.7924437522888184,278,20485170,0.061740875244140625
1.784217119216919,279,20558957,0.062000274658203125
1.7648218870162964,280,20633206,0.06203413009643555
1.7946244478225708,281,20707217,0.061837196350097656
1.7758663892745972,282,20781116,0.06191849708557129
1.758811116218567,283,20854896,0.06185507774353027
1.7847970724105835,284,20928858,0.06206512451171875
1.7618094682693481,285,21002918,0.06189227104187012
1.7652366161346436,286,21076642,0.06192135810852051
1.7705632448196411,287,21150667,0.06186246871948242
1.7549426555633545,288,21224286,0.06189084053039551
1.7632807493209839,289,21298437,0.06194472312927246
1.7639483213424683,290,21372210,0.06202197074890137
1.7518864870071411,291,21445766,0.06206870079040527
1.7567440271377563,292,21519952,0.06231808662414551
1.756339430809021,293,21594173,0.06282758712768555
1.7672982215881348,294,21668100,0.06206655502319336
1.7449675798416138,295,21742055,0.062497854232788086
1.7442424297332764,296,21815744,0.06219887733459473
1.7362369298934937,297,21889580,0.06199526786804199
1.7565988302230835,298,21963381,0.06208395957946777
1.728182077407837,299,22037588,0.0623476505279541
1.730451226234436,300,22111718,0.062279462814331055
1.74410879611969,301,22185561,0.06410598754882812
1.7357513904571533,302,22259075,0.06322145462036133
1.7284250259399414,303,22332876,0.06219124794006348
1.7289592027664185,304,22407167,0.06199169158935547
1.7077867984771729,305,22481521,0.062024831771850586
1.7035415172576904,306,22555798,0.06183648109436035
1.7255806922912598,307,22629879,0.06191825866699219
1.7321462631225586,308,22703967,0.061980247497558594
1.7311427593231201,309,22777915,0.06175494194030762
1.718807339668274,310,22852311,0.06288337707519531
1.7076746225357056,311,22926420,0.06238985061645508
1.7077137231826782,312,23000312,0.06203031539916992
1.724217176437378,313,23074064,0.06223416328430176
1.7463585138320923,314,23147557,0.06270289421081543
1.7136619091033936,315,23221778,0.06258082389831543
1.7243726253509521,316,23295761,0.062277793884277344
1.7242472171783447,317,23369625,0.06336760520935059
1.7511591911315918,318,23443349,0.062253475189208984
1.706648588180542,319,23517185,0.06235980987548828
1.7000547647476196,320,23591168,0.06284689903259277
1.7113701105117798,321,23665179,0.06267213821411133
1.7357738018035889,322,23739218,0.0624239444732666
1.7242999076843262,323,23813082,0.06244945526123047
1.7103209495544434,324,23887324,0.062165260314941406
1.695029377937317,325,23961391,0.06303262710571289
1.6893808841705322,326,24035388,0.06283259391784668
1.7215181589126587,327,24109119,0.062287092208862305
1.7265219688415527,328,24183116,0.061914920806884766
1.6968696117401123,329,24257106,0.06231999397277832
1.6969102621078491,330,24331285,0.06252431869506836
1.7227901220321655,331,24405072,0.06354784965515137
1.734513759613037,332,24479202,0.06264019012451172
1.6734212636947632,333,24553465,0.06227374076843262
1.7130725383758545,334,24627259,0.062020063400268555
1.722113847732544,335,24701004,0.06204700469970703
1.7005999088287354,336,24775057,0.06219840049743652
1.6911455392837524,337,24848851,0.06204366683959961
1.7056516408920288,338,24923121,0.062018394470214844
1.7186131477355957,339,24996880,0.06186342239379883
1.6822493076324463,340,25071276,0.06341171264648438
1.6924055814743042,341,25145483,0.0637814998626709
1.6769009828567505,342,25219095,0.062082529067993164
1.697292685508728,343,25293379,0.06523752212524414
1.6788686513900757,344,25367698,0.0637059211730957
1.6915645599365234,345,25441562,0.06211209297180176
1.6806902885437012,346,25515552,0.0630497932434082
1.6962850093841553,347,25589486,0.06219077110290527
1.681842565536499,348,25663378,0.06296753883361816
1.689413070678711,349,25737235,0.062386274337768555
1.6731724739074707,350,25811267,0.06300902366638184
1.7068848609924316,351,25885215,0.061951398849487305
1.693135142326355,352,25959247,0.0628976821899414
1.6954593658447266,353,26033237,0.06347799301147461
1.6889854669570923,354,26107374,0.06349754333496094
1.6873986721038818,355,26181434,0.062499284744262695
1.7037125825881958,356,26255172,0.06417465209960938
1.6839078664779663,357,26329281,0.06308531761169434
1.6931023597717285,358,26403285,0.06365275382995605
1.6685590744018555,359,26477282,0.06275773048400879
1.682087779045105,360,26551125,0.06247138977050781
1.6853221654891968,361,26624961,0.06171774864196777
1.693363070487976,362,26698748,0.06189560890197754
1.6660703420639038,363,26772661,0.06169533729553223
1.6863058805465698,364,26846658,0.06170940399169922
1.695127248764038,365,26920466,0.061634063720703125
1.6696845293045044,366,26994078,0.0616908073425293
1.6910046339035034,367,27068033,0.061585426330566406
1.671077847480774,368,27141785,0.06180453300476074
1.6664707660675049,369,27215376,0.06175565719604492
1.6617764234542847,370,27289121,0.061681509017944336
1.671811580657959,371,27362964,0.061687469482421875
1.6611719131469727,372,27436926,0.06178569793701172
1.6570988893508911,373,27510643,0.061775922775268555
1.6724132299423218,374,27584416,0.0618283748626709
1.6654510498046875,375,27657930,0.06181907653808594
1.669415831565857,376,27732137,0.0617222785949707
1.6601709127426147,377,27805931,0.06173062324523926
1.6767802238464355,378,27880054,0.062064170837402344
1.6650385856628418,379,27953792,0.062096357345581055
1.6526702642440796,380,28027243,0.06223440170288086
1.6420818567276,381,28101135,0.06236147880554199
1.6825388669967651,382,28174649,0.06228351593017578
1.6293891668319702,383,28248898,0.06231427192687988
1.6642951965332031,384,28322979,0.0623016357421875
1.6730679273605347,385,28397109,0.06208205223083496
1.659444808959961,386,28470707,0.062445878982543945
1.6658985614776611,387,28544718,0.0622563362121582
1.6348823308944702,388,28619275,0.06221437454223633
1.6258848905563354,389,28693622,0.0621640682220459
1.6546486616134644,390,28767591,0.06204628944396973
1.657041311264038,391,28841119,0.0619969367980957
1.63585364818573,392,28915158,0.06225275993347168
1.648937463760376,393,28989498,0.06234908103942871
1.6590769290924072,394,29063656,0.06232714653015137
1.6473653316497803,395,29137149,0.06189775466918945
1.6482256650924683,396,29210880,0.0621488094329834
1.6481714248657227,397,29284541,0.06206512451171875
1.6525834798812866,398,29358601,0.06257772445678711
1.655768871307373,399,29432444,0.062177419662475586
1.6295204162597656,400,29506504,0.06234550476074219
1.6509218215942383,401,29580718,0.062193870544433594
1.6235978603363037,402,29654449,0.0620732307434082
1.6708446741104126,403,29728558,0.06230640411376953
1.640578269958496,404,29802534,0.06237196922302246
1.6275981664657593,405,29876384,0.06231188774108887
1.6162378787994385,406,29950136,0.06205940246582031
1.6357067823410034,407,30024287,0.06189155578613281
1.6465977430343628,408,30098354,0.062375545501708984
1.6319671869277954,409,30171987,0.06257128715515137
1.6144933700561523,410,30246439,0.06201910972595215
1.6459901332855225,411,30320415,0.06231045722961426
1.6523326635360718,412,30394286,0.062319040298461914
1.6400470733642578,413,30467961,0.06216597557067871
1.6291460990905762,414,30542217,0.062497854232788086
1.6182138919830322,415,30616249,0.062223196029663086
1.6468424797058105,416,30689868,0.06239748001098633
1.636627197265625,417,30764124,0.06210923194885254
1.6207432746887207,418,30838205,0.062375783920288086
1.6097198724746704,419,30912426,0.06197094917297363
1.6344424486160278,420,30985926,0.062041521072387695
1.6315544843673706,421,31059832,0.06203722953796387
1.6256237030029297,422,31133647,0.06208038330078125
1.6332389116287231,423,31207133,0.061933040618896484
1.6355177164077759,424,31280850,0.06202530860900879
1.598280429840088,425,31354868,0.06205892562866211
1.6310852766036987,426,31428816,0.06205463409423828
1.6269105672836304,427,31502729,0.06208968162536621
1.5903326272964478,428,31576957,0.06199312210083008
1.58419930934906,429,31651318,0.06191420555114746
1.6265673637390137,430,31724986,0.062024593353271484
1.605345368385315,431,31799074,0.06230521202087402
1.6107779741287231,432,31872791,0.062383174896240234
1.608803153038025,433,31946753,0.06231212615966797
1.6406476497650146,434,32020834,0.06251835823059082
1.6376129388809204,435,32094873,0.06219291687011719
1.6064246892929077,436,32168373,0.062470436096191406
1.6395765542984009,437,32242146,0.06236577033996582
1.6103556156158447,438,32315919,0.06215381622314453
1.6174488067626953,439,32389636,0.06233572959899902
1.6251285076141357,440,32463584,0.06223464012145996
1.611930251121521,441,32537448,0.062216758728027344
1.611334204673767,442,32611459,0.06253600120544434
1.592591643333435,443,32685260,0.06233644485473633
1.5981444120407104,444,32759593,0.06248879432678223
1.6118035316467285,445,32833786,0.06240224838256836
1.6023765802383423,446,32907909,0.0623326301574707
1.625758171081543,447,32982004,0.0624089241027832
1.6081138849258423,448,33055854,0.06231236457824707
1.6207082271575928,449,33130180,0.06244540214538574
1.6068073511123657,450,33204079,0.0623621940612793
1.5996524095535278,451,33277957,0.06213998794555664
1.5870040655136108,452,33352066,0.0623929500579834
1.6229119300842285,453,33425853,0.06233954429626465
1.5980924367904663,454,33500263,0.06202960014343262
1.6211122274398804,455,33574204,0.062380075454711914
1.6206059455871582,456,33648026,0.06261324882507324
1.6146044731140137,457,33722226,0.06265592575073242
1.5949723720550537,458,33796034,0.062278032302856445
1.6081624031066895,459,33869898,0.062445640563964844
1.6011322736740112,460,33943748,0.0623629093170166
1.6038802862167358,461,34017871,0.06209683418273926
1.6192541122436523,462,34091847,0.06238198280334473
1.6157488822937012,463,34165872,0.06230044364929199
1.589126706123352,464,34239897,0.06236410140991211
1.597208023071289,465,34313712,0.06233024597167969
1.590855598449707,466,34387506,0.062215566635131836
1.5903328657150269,467,34461650,0.061963558197021484
1.5990196466445923,468,34535591,0.06216835975646973
1.591480016708374,469,34609441,0.0621800422668457
1.592328667640686,470,34683473,0.062368154525756836
1.5987778902053833,471,34757428,0.06199812889099121
1.5881065130233765,472,34831348,0.06196308135986328
1.5749965906143188,473,34905443,0.06181645393371582
1.6145883798599243,474,34979419,0.06189846992492676
1.6022896766662598,475,35053395,0.06170463562011719
1.6049764156341553,476,35127385,0.06188392639160156
1.5574387311935425,477,35201606,0.06206321716308594
1.5846996307373047,478,35276240,0.061899423599243164
1.6006340980529785,479,35350391,0.06200289726257324
1.6076377630233765,480,35424255,0.06187748908996582
1.5841686725616455,481,35498182,0.062114715576171875
1.5622148513793945,482,35572186,0.06171560287475586
1.5594053268432617,483,35646400,0.06171059608459473
1.5764026641845703,484,35720453,0.06186795234680176
1.6182501316070557,485,35794170,0.06177687644958496
1.5918574333190918,486,35867803,0.06200361251831055
1.5993928909301758,487,35941863,0.06213951110839844
1.5699384212493896,488,36015615,0.06241559982299805
1.578253984451294,489,36089829,0.0623326301574707
1.5751428604125977,490,36164078,0.062305450439453125
1.5611121654510498,491,36237830,0.06222224235534668
1.5938854217529297,492,36311610,0.06189441680908203
1.5707886219024658,493,36385936,0.0621335506439209
1.5584068298339844,494,36459947,0.06227755546569824
1.578329086303711,495,36534035,0.06189298629760742
1.5856190919876099,496,36607780,0.06205296516418457
1.5940535068511963,497,36681434,0.06215953826904297
1.5881729125976562,498,36755312,0.0621795654296875
1.576785683631897,499,36829358,0.06207561492919922
1.5964818000793457,500,36903264,0.06234240531921387
1.5741206407546997,501,36976680,0.062220096588134766
1.5572428703308105,502,37050824,0.06331157684326172
1.5751523971557617,503,37124877,0.06182098388671875
1.5890206098556519,504,37198790,0.06215238571166992
1.594710350036621,505,37272696,0.062193870544433594
1.5846059322357178,506,37346588,0.062233686447143555
1.5766606330871582,507,37420858,0.062096357345581055
1.580307960510254,508,37494617,0.062059640884399414
1.586349606513977,509,37568425,0.06206631660461426
1.5723819732666016,510,37642471,0.06213951110839844
1.572637915611267,511,37716223,0.06222653388977051
1.5572234392166138,512,37790395,0.06200098991394043
1.5417413711547852,513,37864847,0.06212973594665527
1.5529446601867676,514,37939243,0.06197667121887207
1.5696228742599487,515,38013219,0.06211090087890625
1.5551060438156128,516,38087202,0.0622255802154541
1.561629056930542,517,38161500,0.06208443641662598
1.5692880153656006,518,38235637,0.06213068962097168
1.5789865255355835,519,38309081,0.06175947189331055
1.5438710451126099,520,38382798,0.06204986572265625
1.5561296939849854,521,38456228,0.061922311782836914
1.5709460973739624,522,38530344,0.06182122230529785
1.5379966497421265,523,38604607,0.06181526184082031
1.553119421005249,524,38678758,0.061876773834228516
1.5498862266540527,525,38752762,0.06180763244628906
1.5649455785751343,526,38826598,0.06223440170288086
1.556714653968811,527,38900665,0.06217241287231445
1.561723232269287,528,38974067,0.061734676361083984
1.5666717290878296,529,39047910,0.06195974349975586
1.5656611919403076,530,39121858,0.06183576583862305
1.576827883720398,531,39195841,0.0619807243347168
1.5433790683746338,532,39269943,0.0619354248046875
1.5483447313308716,533,39343877,0.062140464782714844
1.5565857887268066,534,39418021,0.06220674514770508
1.5349664688110352,535,39492382,0.06209611892700195
1.5563981533050537,536,39566435,0.062408447265625
1.5624701976776123,537,39640159,0.062247514724731445
1.5478461980819702,538,39714324,0.06222701072692871
1.5516667366027832,539,39788167,0.06231260299682617
1.5622637271881104,540,39861926,0.06213951110839844
1.5403823852539062,541,39936189,0.06213092803955078
1.5538403987884521,542,40010291,0.062101125717163086
1.5478330850601196,543,40084729,0.06209087371826172
1.5505170822143555,544,40158747,0.06216621398925781
1.5431513786315918,545,40232401,0.06211256980895996
1.5727514028549194,546,40306608,0.06211376190185547
1.5260353088378906,547,40380668,0.06234478950500488
1.5495243072509766,548,40454308,0.062204837799072266
1.5187827348709106,549,40528326,0.062070608139038086
1.5284498929977417,550,40602113,0.06201624870300293
1.514876365661621,551,40676012,0.062159061431884766
1.538398265838623,552,40750520,0.06214332580566406
1.521931529045105,553,40824804,0.062235355377197266
1.5249886512756348,554,40898514,0.06204652786254883
1.5313490629196167,555,40972287,0.06215524673461914
1.5573338270187378,556,41046116,0.062094926834106445
1.514162540435791,557,41119945,0.06203103065490723
1.553922176361084,558,41193963,0.062180519104003906
1.546054482460022,559,41267918,0.06200408935546875
1.5368605852127075,560,41341796,0.06207013130187988
1.5384202003479004,561,41416024,0.06215524673461914
1.5273524522781372,562,41490308,0.06228041648864746
1.5331590175628662,563,41564452,0.06212925910949707
1.5130860805511475,564,41638729,0.062151432037353516
1.5000585317611694,565,41712782,0.06207108497619629
1.5098811388015747,566,41787220,0.06212639808654785
1.5320398807525635,567,41861189,0.06223559379577637
1.537903904914856,568,41935186,0.06288576126098633
1.5134069919586182,569,42008924,0.062364816665649414
1.5209916830062866,570,42082781,0.06208086013793945
1.5248830318450928,571,42157100,0.06205177307128906
1.5086641311645508,572,42230929,0.0621180534362793
1.5020582675933838,573,42304779,0.06211733818054199
1.5213760137557983,574,42378580,0.062058210372924805
1.5397233963012695,575,42452598,0.062085628509521484
1.5105266571044922,576,42526511,0.06211280822753906
1.5357900857925415,577,42600620,0.06227421760559082
1.505415439605713,578,42674799,0.062088966369628906
1.5041391849517822,579,42748544,0.062100887298583984
1.5086833238601685,580,42822695,0.06209063529968262
1.5319510698318481,581,42896139,0.062174081802368164
1.5109385251998901,582,42969849,0.06211566925048828
1.5002466440200806,583,43043923,0.06209158897399902
1.5200611352920532,584,43117486,0.06209826469421387
1.5235916376113892,585,43191238,0.06215500831604004
1.5391367673873901,586,43264885,0.06212639808654785
1.5278019905090332,587,43339337,0.06196260452270508
1.5209996700286865,588,43413404,0.062099456787109375
1.5176968574523926,589,43486806,0.06203126907348633
1.4976953268051147,590,43560810,0.06213521957397461
1.5089932680130005,591,43634996,0.06210803985595703
1.5033328533172607,592,43709154,0.062018394470214844
1.5189197063446045,593,43783186,0.06203174591064453
1.5311179161071777,594,43856777,0.06219339370727539
1.5127317905426025,595,43930711,0.06200885772705078
1.5002652406692505,596,44004792,0.06204557418823242
1.5227503776550293,597,44078789,0.062154531478881836
1.5141979455947876,598,44152457,0.06206202507019043
1.4882594347000122,599,44226335,0.06219935417175293
1.522612452507019,600,44300262,0.06228160858154297
1.516032099723816,601,44374000,0.06209921836853027
1.495672583580017,602,44448662,0.06203889846801758
1.4946645498275757,603,44522946,0.0621492862701416
1.524349570274353,604,44596845,0.062056541442871094
1.5093914270401,605,44670821,0.062209367752075195
1.4902026653289795,606,44745196,0.062137603759765625
1.4976829290390015,607,44818794,0.06204366683959961
1.482408046722412,608,44893050,0.06226682662963867
1.486272931098938,609,44967096,0.06208324432373047
1.480872631072998,610,45041128,0.062181949615478516
1.4948099851608276,611,45115552,0.06210923194885254
1.494138240814209,612,45189507,0.06215262413024902
1.501236915588379,613,45263259,0.06215667724609375
1.5191320180892944,614,45337459,0.06209588050842285
1.4984641075134277,615,45411260,0.06233716011047363
1.5118151903152466,616,45485313,0.06204962730407715
1.5150254964828491,617,45558967,0.06222939491271973
1.4943926334381104,618,45632957,0.06212258338928223
1.5148464441299438,619,45706807,0.061823368072509766
1.516616702079773,620,45780272,0.06178474426269531
1.512271761894226,621,45854269,0.061849355697631836
1.4923405647277832,622,45927895,0.06190085411071777
1.4854811429977417,623,46002207,0.061724185943603516
1.4782187938690186,624,46076393,0.06192755699157715
1.482485294342041,625,46150558,0.06174969673156738
1.4807711839675903,626,46224394,0.061753273010253906
1.4875019788742065,627,46298426,0.061760663986206055
1.4793461561203003,628,46372269,0.061876535415649414
1.4920666217803955,629,46446035,0.061821699142456055
1.4920843839645386,630,46520242,0.06185507774353027
1.4893566370010376,631,46594778,0.06180310249328613
1.4895871877670288,632,46668957,0.06252288818359375
1.4737234115600586,633,46742996,0.06184816360473633
1.4787181615829468,634,46816769,0.06184196472167969
1.4813414812088013,635,46890325,0.061811208724975586
1.4932719469070435,636,46964210,0.06174135208129883
1.4802111387252808,637,47038088,0.06198430061340332
1.497637391090393,638,47111854,0.06188058853149414
1.4774340391159058,639,47185599,0.0618741512298584
1.472046136856079,640,47259757,0.06187558174133301
1.466686725616455,641,47334153,0.06185340881347656
1.498047947883606,642,47407660,0.06187582015991211
1.4742710590362549,643,47481531,0.06180453300476074
1.490747094154358,644,47555367,0.061844587326049805
1.5044687986373901,645,47628881,0.0618436336517334
1.5141348838806152,646,47702927,0.06174802780151367
1.4488836526870728,647,47777022,0.06189131736755371
1.497087836265564,648,47851159,0.06178593635559082
1.5054521560668945,649,47924827,0.061807870864868164
1.4782713651657104,650,47998684,0.06194043159484863
1.4754427671432495,651,48072625,0.061826229095458984
1.4774049520492554,652,48146671,0.06182980537414551
1.4820464849472046,653,48220668,0.0618588924407959
1.48164963722229,654,48294042,0.06188011169433594
1.4770259857177734,655,48367647,0.06180882453918457
1.4859342575073242,656,48441217,0.062050580978393555
1.4705777168273926,657,48515060,0.06185412406921387
1.4745988845825195,658,48588770,0.06187319755554199
1.46985924243927,659,48663040,0.06190323829650879
1.474251389503479,660,48737226,0.061853647232055664
1.4742072820663452,661,48811153,0.062146663665771484
1.482995867729187,662,48884814,0.062079429626464844
1.4439520835876465,663,48958713,0.06217455863952637
1.4717005491256714,664,49032409,0.06212425231933594
1.4796253442764282,665,49106266,0.06243324279785156
1.4768768548965454,666,49180291,0.062154293060302734
1.4643398523330688,667,49254442,0.06235504150390625
1.466292381286621,668,49328642,0.06222653388977051
1.4635987281799316,669,49403059,0.06209850311279297
1.4636077880859375,670,49477441,0.06199216842651367
1.4654706716537476,671,49551690,0.06218242645263672
1.4592382907867432,672,49625918,0.062200307846069336
1.4806218147277832,673,49700055,0.06215953826904297
1.459550142288208,674,49774234,0.062094926834106445
1.4937186241149902,675,49848434,0.062091827392578125
1.4726636409759521,676,49922347,0.06191658973693848
1.4590580463409424,677,49996575,0.061911821365356445
1.464179515838623,678,50070341,0.061852455139160156
1.4619941711425781,679,50144352,0.06184673309326172
1.4595625400543213,680,50218062,0.061888694763183594
1.4766944646835327,681,50291793,0.06180310249328613
1.466427206993103,682,50365545,0.061827659606933594
1.4735851287841797,683,50439234,0.06177043914794922
1.4783810377120972,684,50513245,0.06187629699707031
1.4389357566833496,685,50587578,0.06192350387573242
1.4511574506759644,686,50661505,0.06171894073486328
1.448407769203186,687,50735705,0.06184196472167969
1.471238613128662,688,50809359,0.061751365661621094
1.4540553092956543,689,50883615,0.06213688850402832
1.452761173248291,690,50958018,0.06195855140686035
1.4544614553451538,691,51032029,0.06192779541015625
1.4489612579345703,692,51106159,0.06195783615112305
1.4510726928710938,693,51179890,0.06192922592163086
1.4630184173583984,694,51254244,0.061902523040771484
1.472255825996399,695,51327751,0.0618138313293457
1.4384816884994507,696,51401552,0.06183123588562012
1.4459842443466187,697,51475759,0.061824798583984375
1.4445714950561523,698,51550071,0.06180405616760254
1.4559820890426636,699,51623907,0.06197929382324219
1.4344278573989868,700,51697925,0.061826229095458984
1.4598218202590942,701,51771712,0.06191849708557129
1.4733961820602417,702,51845513,0.06190347671508789
1.4303739070892334,703,51919566,0.06184029579162598
1.4630029201507568,704,51993234,0.06179332733154297
1.4429422616958618,705,52066923,0.0618901252746582
1.4661126136779785,706,52141046,0.06204366683959961
1.4251593351364136,707,52215344,0.06188225746154785
1.4544857740402222,708,52289572,0.06207871437072754
1.4500540494918823,709,52363275,0.06180548667907715
1.4585332870483398,710,52436887,0.06195521354675293
1.43865966796875,711,52511024,0.06197190284729004
1.4466241598129272,712,52585231,0.06192779541015625
1.4475698471069336,713,52659956,0.06208372116088867
1.4474048614501953,714,52733666,0.06184506416320801
1.4521160125732422,715,52807824,0.06213188171386719
1.4562634229660034,716,52881814,0.06196761131286621
1.454798698425293,717,52956056,0.06207728385925293
1.464524507522583,718,53030060,0.06190681457519531
1.4424901008605957,719,53104407,0.06202864646911621
1.4310206174850464,720,53178313,0.06194138526916504
1.429861307144165,721,53252219,0.06195330619812012
1.4664442539215088,722,53326083,0.06191372871398926
1.4470889568328857,723,53399898,0.061728715896606445
1.4443458318710327,724,53474063,0.061892032623291016
1.432995319366455,725,53548053,0.06198906898498535
1.4606341123580933,726,53621861,0.06200909614562988
1.4374841451644897,727,53695683,0.06179690361022949
1.4211175441741943,728,53769519,0.061887264251708984
1.426316738128662,729,53843530,0.06195807456970215
1.4431781768798828,730,53917506,0.06190323829650879
1.441765308380127,731,53991202,0.061849117279052734
1.428062915802002,732,54065206,0.06181669235229492
1.4572908878326416,733,54139238,0.061847686767578125
1.4261716604232788,734,54214054,0.06185007095336914
1.425432562828064,735,54288282,0.06194877624511719
1.4351269006729126,736,54362356,0.06181168556213379
1.423764944076538,737,54436521,0.062325239181518555
1.4396264553070068,738,54510007,0.06200146675109863
1.4346343278884888,739,54583710,0.06196260452270508
1.4342784881591797,740,54657658,0.06209850311279297
1.420365571975708,741,54731592,0.062233924865722656
1.4267421960830688,742,54805575,0.06195974349975586
1.4291658401489258,743,54879824,0.062157630920410156
1.4387096166610718,744,54953541,0.06212282180786133
1.4207903146743774,745,55027314,0.06203746795654297
1.4165881872177124,746,55101584,0.06196951866149902
1.414884090423584,747,55175546,0.06197643280029297
1.4022786617279053,748,55249641,0.06186342239379883
1.4150807857513428,749,55323645,0.062207698822021484
1.4047683477401733,750,55397614,0.06207156181335449
1.4114917516708374,751,55471751,0.06209969520568848
1.4188228845596313,752,55545937,0.06205177307128906
1.442089557647705,753,55619633,0.06196928024291992
1.4283946752548218,754,55693791,0.06195855140686035
1.438043475151062,755,55767417,0.0621485710144043
1.4402741193771362,756,55841036,0.06213259696960449
1.4224627017974854,757,55915194,0.062004804611206055
1.4098314046859741,758,55989163,0.06213831901550293
1.4119985103607178,759,56063321,0.06209921836853027
1.40242600440979,760,56137752,0.0620267391204834
1.439880609512329,761,56211371,0.06204557418823242
1.4192556142807007,762,56285235,0.06207132339477539
1.420149326324463,763,56359071,0.06195569038391113
1.4003329277038574,764,56433369,0.06226825714111328
1.4158947467803955,765,56507422,0.06209540367126465
1.4257290363311768,766,56581755,0.06208181381225586
1.409306287765503,767,56655276,0.06204366683959961
1.3925316333770752,768,56728958,0.06210637092590332
1.4161180257797241,769,56802752,0.06216073036193848
1.4137837886810303,770,56876462,0.06189751625061035
1.4335260391235352,771,56950088,0.06216073036193848
1.4308664798736572,772,57023945,0.06273293495178223
1.4095441102981567,773,57097900,0.06238412857055664
1.4292597770690918,774,57171659,0.06215310096740723
1.4303120374679565,775,57245257,0.06221413612365723
1.4223039150238037,776,57319688,0.06216001510620117
1.4055464267730713,777,57393790,0.06211066246032715
1.4025863409042358,778,57468403,0.06203770637512207
1.4294204711914062,779,57542484,0.062131404876708984
1.4079148769378662,780,57616558,0.06219911575317383
1.4451358318328857,781,57690289,0.062235116958618164
1.4257475137710571,782,57764188,0.06209421157836914
1.4581780433654785,783,57837751,0.06192517280578613
1.4317827224731445,784,57911538,0.06195211410522461
1.4171632528305054,785,57985766,0.061944007873535156
1.4192346334457397,786,58059637,0.061869144439697266
1.4163715839385986,787,58133655,0.06220221519470215
1.4153004884719849,788,58207610,0.06214261054992676
1.4178438186645508,789,58281306,0.061983346939086914
1.4027737379074097,790,58355401,0.06192493438720703
1.4115639925003052,791,58428817,0.06179070472717285
1.4221242666244507,792,58502611,0.06188654899597168
1.404293179512024,793,58577000,0.061937570571899414
1.4062614440917969,794,58650647,0.06207776069641113
1.3985892534255981,795,58724420,0.06200766563415527
1.4007762670516968,796,58798312,0.061884403228759766
1.4067137241363525,797,58872540,0.061928510665893555
1.4065539836883545,798,58946810,0.0619053840637207
1.4115749597549438,799,59020639,0.06197190284729004
1.3885161876678467,800,59094524,0.06199383735656738
1.4063588380813599,801,59168605,0.06190013885498047
1.380941390991211,802,59242525,0.062067508697509766
1.4059875011444092,803,59316536,0.06192803382873535
1.424683690071106,804,59390456,0.06195354461669922
1.4145283699035645,805,59464292,0.06198430061340332
1.3986241817474365,806,59538387,0.06192803382873535
1.4080067873001099,807,59611999,0.0625753402709961
1.3936185836791992,808,59685982,0.0620267391204834
1.4132517576217651,809,59760497,0.06197094917297363
1.4062970876693726,810,59834263,0.06203818321228027
1.3908144235610962,811,59908211,0.06199955940246582
1.4040089845657349,812,59982075,0.06201672554016113
1.3845738172531128,813,60056079,0.06194639205932617
1.4095826148986816,814,60129887,0.062059640884399414
1.396864652633667,815,60204017,0.06189703941345215
1.402585506439209,816,60278175,0.0619196891784668
1.406239628791809,817,60352172,0.061859130859375
1.4014266729354858,818,60425854,0.0619816780090332
1.4183799028396606,819,60499592,0.06190013885498047
1.4033535718917847,820,60573645,0.06189846992492676
1.3913161754608154,821,60647530,0.06203889846801758
1.4097352027893066,822,60721331,0.062004804611206055
1.4087625741958618,823,60794768,0.06207132339477539
1.3896740674972534,824,60868639,0.06210970878601074
1.3993966579437256,825,60942902,0.06195235252380371
1.3942761421203613,826,61016913,0.06184530258178711
1.4075305461883545,827,61090784,0.061942338943481445
1.3936309814453125,828,61164270,0.06188344955444336
1.3902684450149536,829,61238799,0.06175661087036133
1.4127155542373657,830,61312740,0.0617828369140625
1.3857700824737549,831,61386723,0.061846256256103516
1.3635015487670898,832,61461308,0.06170153617858887
1.3933796882629395,833,61535011,0.06172442436218262
1.4039714336395264,834,61609141,0.06173276901245117
1.3964253664016724,835,61682893,0.06198906898498535
1.4181649684906006,836,61756393,0.061811208724975586
1.3816243410110474,837,61830376,0.062009334564208984
1.410178542137146,838,61904345,0.06177949905395508
1.39814031124115,839,61978440,0.06188797950744629
1.3752719163894653,840,62052325,0.06193685531616211
1.389182686805725,841,62126252,0.0620267391204834
1.3900105953216553,842,62200179,0.06178116798400879
1.4018458127975464,843,62274232,0.06193852424621582
1.379472255706787,844,62348278,0.06193423271179199
1.4053400754928589,845,62422142,0.06207132339477539
1.3811637163162231,846,62496216,0.06201362609863281
1.4129875898361206,847,62570108,0.06199193000793457
1.4047271013259888,848,62644469,0.06183886528015137
1.367457628250122,849,62718753,0.06193828582763672
1.3823992013931274,850,62793317,0.062035560607910156
1.3681683540344238,851,62867272,0.06194877624511719
1.3683885335922241,852,62941122,0.06189441680908203
1.403404951095581,853,63015434,0.062085628509521484
1.4041430950164795,854,63089578,0.0619356632232666
1.3876557350158691,855,63163946,0.06185412406921387
1.3867456912994385,856,63237810,0.06200098991394043
1.3909823894500732,857,63311478,0.06197857856750488
1.3914686441421509,858,63385230,0.062090158462524414
1.376595377922058,859,63458968,0.06195878982543945
1.3893251419067383,860,63532951,0.061821937561035156
1.4113010168075562,861,63606976,0.06189846992492676
1.3954029083251953,862,63680854,0.061904191970825195
1.4046711921691895,863,63755187,0.06191420555114746
1.3893277645111084,864,63828813,0.0620274543762207
1.3761460781097412,865,63902481,0.06205034255981445
1.3902488946914673,866,63976450,0.062041521072387695
1.3818689584732056,867,64050636,0.06206989288330078
1.4024181365966797,868,64124423,0.062027692794799805
1.3703514337539673,869,64198427,0.062042951583862305
1.3674275875091553,870,64272361,0.061998844146728516
1.3990709781646729,871,64346456,0.062012434005737305
1.3846958875656128,872,64420544,0.06210589408874512
1.390194058418274,873,64494674,0.06199073791503906
1.3689945936203003,874,64568979,0.062033891677856445
1.389424443244934,875,64642801,0.06210827827453613
1.3879636526107788,876,64716455,0.06203722953796387
1.3854233026504517,877,64790347,0.062010765075683594
1.402976632118225,878,64864134,0.06202220916748047
1.3878530263900757,879,64938621,0.062003135681152344
1.3904626369476318,880,65012548,0.06203150749206543
1.4123971462249756,881,65085922,0.062099456787109375
1.3813098669052124,882,65159842,0.06206464767456055
1.3865022659301758,883,65233727,0.061994075775146484
1.3811782598495483,884,65307822,0.061995506286621094
1.4079623222351074,885,65381665,0.062111616134643555
1.3696750402450562,886,65455872,0.062042236328125
1.3631504774093628,887,65530037,0.0620269775390625
1.400540828704834,888,65604237,0.06208920478820801
1.392873764038086,889,65677835,0.061986446380615234
1.3768882751464844,890,65751692,0.061957597732543945
1.3652492761611938,891,65825738,0.06196737289428711
1.3727014064788818,892,65900267,0.062072038650512695
1.377684235572815,893,65974271,0.062085866928100586
1.378151535987854,894,66048177,0.06210923194885254
1.3701772689819336,895,66121950,0.06212615966796875
1.3837404251098633,896,66196073,0.06198310852050781
1.3821640014648438,897,66269699,0.062070369720458984
1.3666504621505737,898,66343549,0.06200122833251953
1.38405179977417,899,66417616,0.062087059020996094
1.3732777833938599,900,66491970,0.062020063400268555
1.3733564615249634,901,66565743,0.06204962730407715
1.3765422105789185,902,66639572,0.06192517280578613
1.3638367652893066,903,66713338,0.062038421630859375
1.370989203453064,904,66787531,0.06198263168334961
1.3686444759368896,905,66861878,0.06215810775756836
1.3788506984710693,906,66935455,0.06210017204284668
1.3912690877914429,907,67009704,0.0619356632232666
1.368310809135437,908,67083869,0.06200051307678223
1.387245535850525,909,67157558,0.06206321716308594
1.354543924331665,910,67231982,0.06198406219482422
1.3984955549240112,911,67305762,0.06204557418823242
1.3859461545944214,912,67379255,0.061894893646240234
1.393335223197937,913,67453357,0.061862945556640625
1.3771625757217407,914,67527424,0.06200671195983887
1.385780692100525,915,67601204,0.06207728385925293
1.3777353763580322,916,67674865,0.06190896034240723
1.3939831256866455,917,67748659,0.06191205978393555
1.378517746925354,918,67822488,0.06196999549865723
1.3700693845748901,919,67896415,0.06205153465270996
1.3719255924224854,920,67970174,0.062018394470214844
1.376964807510376,921,68043856,0.0620570182800293
1.3796284198760986,922,68117552,0.06195425987243652
1.392943263053894,923,68191045,0.06210041046142578
1.3758928775787354,924,68264748,0.06189775466918945
1.3839012384414673,925,68338745,0.061945199966430664
1.3689292669296265,926,68412469,0.06185126304626465
1.3799043893814087,927,68486333,0.06177711486816406
1.3701831102371216,928,68560169,0.06200742721557617
1.3776248693466187,929,68633676,0.06207752227783203
1.3524301052093506,930,68707407,0.0619664192199707
1.3800362348556519,931,68781131,0.06208944320678711
1.3938493728637695,932,68855191,0.06195354461669922
1.3736450672149658,933,68929202,0.061869144439697266
1.3743592500686646,934,69002982,0.06367158889770508
1.3824363946914673,935,69077217,0.06389999389648438
1.3670778274536133,936,69150787,0.0637202262878418
1.3494770526885986,937,69224679,0.06277942657470703
1.3840980529785156,938,69298431,0.06341147422790527
1.3711843490600586,939,69372841,0.06205105781555176
1.3857611417770386,940,69446530,0.06264710426330566
1.3761975765228271,941,69520156,0.06261968612670898
1.3795771598815918,942,69594132,0.062088966369628906
1.3713370561599731,943,69668325,0.06232953071594238
1.3728817701339722,944,69742091,0.06213188171386719
1.3493458032608032,945,69816795,0.062226057052612305
1.3441287279129028,946,69890659,0.062323808670043945
1.3667911291122437,947,69964726,0.06432938575744629
1.3662880659103394,948,70038492,0.06220293045043945
1.3512613773345947,949,70112776,0.06213092803955078
1.3945462703704834,950,70186990,0.06275582313537598
1.3664079904556274,951,70261015,0.06402444839477539
1.378562092781067,952,70334732,0.06241869926452637
1.3605023622512817,953,70408603,0.06235527992248535
1.392246127128601,954,70482334,0.06353378295898438
1.370658278465271,955,70556380,0.06206941604614258
1.3309253454208374,956,70630916,0.06215167045593262
1.3708217144012451,957,70704927,0.06321477890014648
1.3608440160751343,958,70778882,0.06385016441345215
1.3778676986694336,959,70852935,0.06212735176086426
1.3804645538330078,960,70926792,0.06337523460388184
1.3833062648773193,961,71000362,0.06290650367736816
1.362433671951294,962,71074261,0.06218671798706055
1.365391492843628,963,71148475,0.06328845024108887
1.3720253705978394,964,71222101,0.06227707862854004
1.3545312881469727,965,71296105,0.06261730194091797
1.3639520406723022,966,71370102,0.06256937980651855
1.3717379570007324,967,71444316,0.06233811378479004
1.3723256587982178,968,71518376,0.06216287612915039
1.3671070337295532,969,71592345,0.062048912048339844
1.3666409254074097,970,71666237,0.06212329864501953
1.3836969137191772,971,71740066,0.06276464462280273
1.3764212131500244,972,71814399,0.06215500831604004
1.3685084581375122,973,71888424,0.06215167045593262
1.333470344543457,974,71962932,0.06229901313781738
1.3392646312713623,975,72036978,0.06373858451843262
1.353020191192627,976,72110716,0.062201738357543945
1.3613193035125732,977,72184559,0.06241345405578613
1.3556241989135742,978,72258451,0.06362557411193848
1.3514622449874878,979,72332511,0.06265091896057129
1.354840874671936,980,72405913,0.062456369400024414
1.3604116439819336,981,72480106,0.06336259841918945
1.3571090698242188,982,72553984,0.06277728080749512
1.369820237159729,983,72628009,0.06290197372436523
1.3558191061019897,984,72701929,0.06225085258483887
1.3550573587417603,985,72775765,0.06275057792663574
1.3633604049682617,986,72849755,0.06211066246032715
1.360956072807312,987,72923857,0.062143564224243164
1.3640283346176147,988,72998162,0.062110185623168945
1.3624213933944702,989,73072264,0.06297063827514648
1.3660557270050049,990,73146345,0.06212449073791504
1.3469569683074951,991,73220461,0.06281876564025879
1.3875218629837036,992,73294843,0.062397003173828125
1.3625142574310303,993,73368987,0.06352806091308594
1.3642964363098145,994,73442984,0.0645442008972168
1.3502966165542603,995,73517310,0.062150001525878906
1.3416855335235596,996,73591419,0.062154293060302734
1.3567453622817993,997,73665171,0.06211256980895996
1.3522683382034302,998,73739203,0.06207275390625
1.347281813621521,999,73813606,0.0635991096496582
1.376274585723877,1000,73887393,0.06277084350585938
1.3641456365585327,1001,73961327,0.06293106079101562
1.3417984247207642,1002,74035310,0.0633091926574707
1.3685234785079956,1003,74109601,0.0619807243347168
1.3620340824127197,1004,74183794,0.06221175193786621
1.3529365062713623,1005,74257504,0.062047481536865234
1.364402413368225,1006,74331186,0.06212902069091797
1.3437116146087646,1007,74404952,0.0620877742767334
1.3597322702407837,1008,74478774,0.06210684776306152
1.3538085222244263,1009,74552435,0.06208658218383789
1.326707124710083,1010,74626495,0.06206679344177246
1.3465619087219238,1011,74700744,0.06226325035095215
1.370344638824463,1012,74774741,0.06200265884399414
1.3268680572509766,1013,74848605,0.061899423599243164
1.3418619632720947,1014,74922679,0.06204414367675781
1.3588021993637085,1015,74996354,0.06197786331176758
1.349818468093872,1016,75070225,0.06195425987243652
1.344650149345398,1017,75143802,0.0620417594909668
1.3554362058639526,1018,75218100,0.062038421630859375
1.3471318483352661,1019,75291817,0.06285572052001953
1.3474735021591187,1020,75365828,0.062252044677734375
1.345882773399353,1021,75440168,0.06199812889099121
1.3477845191955566,1022,75514305,0.06194877624511719
1.3252711296081543,1023,75588169,0.06225228309631348
1.351789951324463,1024,75661907,0.0620570182800293
1.3426576852798462,1025,75735925,0.06198763847351074
1.341556191444397,1026,75809845,0.062093496322631836
1.3349738121032715,1027,75883779,0.06208395957946777
1.3581746816635132,1028,75957664,0.06206536293029785
1.3585834503173828,1029,76031976,0.06208157539367676
1.3424171209335327,1030,76106204,0.06195330619812012
1.3441258668899536,1031,76180516,0.06204628944396973
1.368727684020996,1032,76254177,0.06207108497619629
1.3484858274459839,1033,76327733,0.06206941604614258
1.33821439743042,1034,76401310,0.06201910972595215
1.3507118225097656,1035,76475048,0.06178593635559082
1.3506640195846558,1036,76548919,0.06178903579711914
1.3421533107757568,1037,76622818,0.061821937561035156
1.372233271598816,1038,76696577,0.06174468994140625
1.3376346826553345,1039,76770259,0.061734676361083984
1.3361247777938843,1040,76844368,0.061821937561035156
1.3641681671142578,1041,76918204,0.061739206314086914
1.370255708694458,1042,76992201,0.061919212341308594
1.3499462604522705,1043,77065988,0.06191134452819824
1.3548524379730225,1044,77139726,0.06181192398071289
1.3303900957107544,1045,77213394,0.06185746192932129
1.359410285949707,1046,77287286,0.06178736686706543
1.3462058305740356,1047,77361101,0.06189703941345215
1.335153579711914,1048,77434545,0.061763763427734375
1.346152901649475,1049,77508857,0.061940670013427734
1.3348510265350342,1050,77583407,0.06177806854248047
1.3314573764801025,1051,77657327,0.06186199188232422
1.3342504501342773,1052,77731352,0.061809539794921875
1.337831974029541,1053,77805622,0.06180429458618164
1.362947940826416,1054,77879752,0.06168198585510254
1.3394317626953125,1055,77954260,0.06182670593261719
1.3553000688552856,1056,78028607,0.06199479103088379
1.3411592245101929,1057,78102898,0.06175708770751953
1.349770426750183,1058,78177420,0.061795949935913086
1.3307504653930664,1059,78250836,0.061862945556640625
1.339845895767212,1060,78324861,0.061753034591674805
1.3588138818740845,1061,78398634,0.06181955337524414
1.3245294094085693,1062,78472309,0.06177687644958496
1.339900016784668,1063,78546348,0.06190633773803711
1.3313900232315063,1064,78620366,0.06179547309875488
1.3306620121002197,1065,78694321,0.0618443489074707
1.3505421876907349,1066,78768563,0.06192326545715332
1.3288606405258179,1067,78842231,0.061868906021118164
1.3255106210708618,1068,78916067,0.0618436336517334
1.3625932931900024,1069,78989868,0.06183791160583496
1.3263862133026123,1070,79063774,0.06174421310424805
1.3426138162612915,1071,79137743,0.06181597709655762
1.3208286762237549,1072,79211880,0.061760663986206055
1.3244744539260864,1073,79285968,0.06181669235229492
1.3290681838989258,1074,79360007,0.06196141242980957
1.330433964729309,1075,79434032,0.06186103820800781
1.343978762626648,1076,79507994,0.06185793876647949
1.348668098449707,1077,79581704,0.06190633773803711
1.3601562976837158,1078,79655526,0.061795711517333984
1.32974112033844,1079,79729579,0.06188082695007324
1.3435285091400146,1080,79803905,0.06176590919494629
1.3493715524673462,1081,79878168,0.06167483329772949
1.3598922491073608,1082,79952067,0.06181621551513672
1.3275989294052124,1083,80025875,0.061695098876953125
1.3409194946289062,1084,80099760,0.06180429458618164
1.3529855012893677,1085,80173680,0.06175971031188965
1.343979001045227,1086,80247733,0.06180214881896973
1.3444963693618774,1087,80322038,0.061728477478027344
1.3280991315841675,1088,80396154,0.06179523468017578
1.3374404907226562,1089,80469927,0.06178092956542969
1.3547381162643433,1090,80543994,0.06191658973693848
1.3430708646774292,1091,80617893,0.0617070198059082
1.3508849143981934,1092,80691533,0.06184697151184082
1.3382354974746704,1093,80765663,0.061797142028808594
1.3436425924301147,1094,80839793,0.0618436336517334
1.3206753730773926,1095,80913573,0.06185555458068848
1.3201782703399658,1096,80987276,0.06184077262878418
1.3241981267929077,1097,81061574,0.062010765075683594
1.337594985961914,1098,81135410,0.0616459846496582
1.339858055114746,1099,81208840,0.06179022789001465
1.324334979057312,1100,81282508,0.06170988082885742
1.3372400999069214,1101,81356610,0.06194663047790527
1.3254883289337158,1102,81430586,0.061705827713012695
1.341544270515442,1103,81504583,0.06171917915344238
1.3317675590515137,1104,81578909,0.061682939529418945
1.3259892463684082,1105,81652633,0.061783790588378906
1.3636043071746826,1106,81726546,0.06182551383972168
1.347732424736023,1107,81800928,0.061866044998168945
1.3383740186691284,1108,81875191,0.06188082695007324
1.3357782363891602,1109,81948852,0.06174659729003906
1.3296043872833252,1110,82022821,0.061701059341430664
1.3373122215270996,1111,82096790,0.06179475784301758
1.348467230796814,1112,82170836,0.061866044998168945
1.3268853425979614,1113,82244686,0.061719655990600586
1.3402689695358276,1114,82318816,0.06182384490966797
1.3400108814239502,1115,82392715,0.061850786209106445
1.3225290775299072,1116,82466782,0.06171536445617676
1.3252253532409668,1117,82540457,0.061843156814575195
1.3268924951553345,1118,82614209,0.061797380447387695
1.3401962518692017,1119,82688416,0.0619359016418457
1.3130334615707397,1120,82762469,0.06177544593811035
1.3309844732284546,1121,82836326,0.06183028221130371
1.3200689554214478,1122,82910302,0.06194424629211426
1.3355621099472046,1123,82984012,0.06183052062988281
1.3349957466125488,1124,83057645,0.06181025505065918
1.3192180395126343,1125,83132076,0.0617060661315918
1.3411457538604736,1126,83205541,0.06180858612060547
1.325222373008728,1127,83279251,0.0618281364440918
1.3126220703125,1128,83353087,0.06203866004943848
1.3463501930236816,1129,83426622,0.06182742118835449
1.3483550548553467,1130,83500556,0.0618133544921875
1.338458776473999,1131,83574168,0.06183648109436035
1.3180341720581055,1132,83647906,0.06181216239929199
1.3084297180175781,1133,83721203,0.06186842918395996
1.3354487419128418,1134,83795095,0.06170153617858887
1.3210593461990356,1135,83869519,0.061753034591674805
1.330654501914978,1136,83943684,0.06172513961791992
1.3297532796859741,1137,84017912,0.06187272071838379
1.334335207939148,1138,84091601,0.061870574951171875
1.342750072479248,1139,84165472,0.06171870231628418
1.3333239555358887,1140,84239420,0.06188774108886719
1.3382291793823242,1141,84313473,0.0617680549621582
1.3362059593200684,1142,84387764,0.06173515319824219
1.3200948238372803,1143,84461607,0.06177163124084473
1.3304600715637207,1144,84535205,0.061771392822265625
1.3358758687973022,1145,84609545,0.061704397201538086
1.322617530822754,1146,84683612,0.06191134452819824
1.3165223598480225,1147,84757560,0.06185460090637207
1.328104019165039,1148,84831319,0.06169009208679199
1.3391999006271362,1149,84905491,0.06180715560913086
1.342622995376587,1150,84979341,0.06169867515563965
1.348184585571289,1151,85053422,0.06198477745056152
1.3247308731079102,1152,85127265,0.06175088882446289
1.328093409538269,1153,85200758,0.06175994873046875
1.3196264505386353,1154,85274944,0.06187701225280762
1.312021017074585,1155,85349053,0.06190633773803711
1.3313318490982056,1156,85422588,0.06168770790100098
1.319860816001892,1157,85496368,0.06175875663757324
1.3244118690490723,1158,85570701,0.06188464164733887
1.315937876701355,1159,85644831,0.06175351142883301
1.3359057903289795,1160,85718660,0.061861276626586914
1.2972092628479004,1161,85793077,0.061798095703125
1.3166038990020752,1162,85867165,0.06181144714355469
1.3421142101287842,1163,85941134,0.061719417572021484
1.3375861644744873,1164,86014837,0.06198620796203613
1.3251644372940063,1165,86088449,0.06184983253479004
1.3268674612045288,1166,86162691,0.0618433952331543
1.3380117416381836,1167,86236471,0.06177830696105957
1.3429862260818481,1168,86310076,0.061884164810180664
1.338986873626709,1169,86384003,0.0618891716003418
1.323959231376648,1170,86457804,0.06179189682006836
1.3114137649536133,1171,86531479,0.06182074546813965
1.3132799863815308,1172,86605840,0.061814069747924805
1.3102906942367554,1173,86679900,0.061837196350097656
1.3189632892608643,1174,86753652,0.06189703941345215
1.3364942073822021,1175,86827516,0.0617983341217041
1.346401333808899,1176,86901744,0.06188321113586426
1.3152416944503784,1177,86976063,0.06183028221130371
1.3123371601104736,1178,87050207,0.06180572509765625
1.3103200197219849,1179,87124043,0.06177878379821777
1.3212323188781738,1180,87197900,0.06196284294128418
1.3185596466064453,1181,87271491,0.0617680549621582
1.3270914554595947,1182,87345572,0.06177067756652832
1.3216923475265503,1183,87419632,0.06196951866149902
1.3183895349502563,1184,87493622,0.06171107292175293
1.2997798919677734,1185,87567787,0.06187605857849121
1.313423991203308,1186,87641490,0.06165647506713867
1.304375171661377,1187,87715333,0.0618746280670166
1.3160016536712646,1188,87789274,0.0618283748626709
1.3229584693908691,1189,87863292,0.0617978572845459
1.301653504371643,1190,87937352,0.06181764602661133
1.3305374383926392,1191,88011307,0.06179308891296387
1.312475562095642,1192,88085493,0.06177091598510742
1.2978980541229248,1193,88159826,0.06174659729003906
1.3254754543304443,1194,88233984,0.0619351863861084
1.30687415599823,1195,88308002,0.06183433532714844
1.3042957782745361,1196,88381719,0.06194281578063965
1.3388382196426392,1197,88455723,0.06168675422668457
1.3278045654296875,1198,88529839,0.06182289123535156
1.3416937589645386,1199,88603353,0.061879634857177734
1.3259913921356201,1200,88677196,0.06172680854797363
1.320064663887024,1201,88750808,0.06192302703857422
1.3257039785385132,1202,88824903,0.06189370155334473
1.3390098810195923,1203,88898592,0.06179213523864746
1.322346806526184,1204,88972582,0.0617365837097168
1.3141363859176636,1205,89046789,0.06171989440917969
1.3206462860107422,1206,89120233,0.06180381774902344
1.3173460960388184,1207,89194055,0.06191682815551758
1.316701054573059,1208,89268010,0.061888694763183594
1.3195956945419312,1209,89341916,0.0618586540222168
1.3197351694107056,1210,89415836,0.061838388442993164
1.3167208433151245,1211,89489896,0.06184577941894531
1.3337123394012451,1212,89564117,0.06176471710205078
1.3153120279312134,1213,89637995,0.061781883239746094
1.3076781034469604,1214,89712167,0.06179642677307129
1.3116819858551025,1215,89786283,0.0617365837097168
1.332224726676941,1216,89860238,0.06177854537963867
1.3143079280853271,1217,89934165,0.06178545951843262
1.2981932163238525,1218,90008344,0.06189393997192383
1.3119832277297974,1219,90082453,0.06185102462768555
1.3096266984939575,1220,90156219,0.06178593635559082
1.299403190612793,1221,90230503,0.06178426742553711
1.3080040216445923,1222,90304591,0.06194639205932617
1.3034671545028687,1223,90378700,0.06178998947143555
1.3258644342422485,1224,90452718,0.06191682815551758
1.313501238822937,1225,90526925,0.06178855895996094
1.3220807313919067,1226,90600719,0.06177330017089844
1.3332468271255493,1227,90674485,0.06224560737609863
1.2904431819915771,1228,90748489,0.061762094497680664
1.3039968013763428,1229,90822220,0.06194615364074707
1.2972497940063477,1230,90896742,0.06190633773803711
1.3177939653396606,1231,90970711,0.062049150466918945
1.30595862865448,1232,91045142,0.061872005462646484
1.3160274028778076,1233,91118810,0.061980247497558594
1.3180623054504395,1234,91193052,0.062050580978393555
1.321653127670288,1235,91266867,0.06192278861999512
1.3278809785842896,1236,91340976,0.061914682388305664
1.3331612348556519,1237,91415022,0.061928749084472656
1.315438151359558,1238,91488977,0.06197190284729004
1.3211978673934937,1239,91562967,0.062124013900756836
1.3207920789718628,1240,91636887,0.061808109283447266
1.2885392904281616,1241,91710863,0.062161922454833984
1.3414140939712524,1242,91784748,0.061713457107543945
1.3093605041503906,1243,91858395,0.062264442443847656
1.3099862337112427,1244,91932511,0.0619814395904541
1.3249680995941162,1245,92006732,0.061870574951171875
1.30654776096344,1246,92081023,0.06204676628112793
1.309626817703247,1247,92155349,0.061942100524902344
1.2826639413833618,1248,92229248,0.0618288516998291
1.2958348989486694,1249,92303189,0.0618128776550293
1.3068408966064453,1250,92377263,0.061881065368652344
1.3259916305541992,1251,92451015,0.06183505058288574
1.3122038841247559,1252,92524914,0.062117815017700195
1.2977994680404663,1253,92598708,0.06189441680908203
1.300965666770935,1254,92672971,0.06203651428222656
1.2989530563354492,1255,92746282,0.062102317810058594
1.2885535955429077,1256,92820517,0.06194877624511719
1.3219351768493652,1257,92894423,0.06204414367675781
1.3276318311691284,1258,92968287,0.062073469161987305
1.3154423236846924,1259,93041829,0.06201028823852539
1.2988711595535278,1260,93115742,0.06192207336425781
1.3137389421463013,1261,93189620,0.061853647232055664
1.2946768999099731,1262,93263211,0.0619196891784668
1.3293782472610474,1263,93336991,0.06193709373474121
1.310036063194275,1264,93410617,0.06204652786254883
1.310012936592102,1265,93484495,0.06200981140136719
1.2905381917953491,1266,93558422,0.06195259094238281
1.30785071849823,1267,93632202,0.062075138092041016
1.3179410696029663,1268,93706276,0.06194329261779785
1.3034727573394775,1269,93780224,0.06192612648010254
1.3135026693344116,1270,93854067,0.06198835372924805
1.330531358718872,1271,93927889,0.061957597732543945
1.2923742532730103,1272,94002082,0.061931610107421875
1.3008577823638916,1273,94076429,0.06200885772705078
1.325954794883728,1274,94150328,0.06211280822753906
1.3198298215866089,1275,94224269,0.06201362609863281
1.3182452917099,1276,94297923,0.062107086181640625
1.279432773590088,1277,94372025,0.062006235122680664
1.2848570346832275,1278,94446078,0.062000274658203125
1.3253164291381836,1279,94519795,0.06198406219482422
1.2987909317016602,1280,94593694,0.06201982498168945
1.3172045946121216,1281,94667341,0.061933279037475586
1.3114955425262451,1282,94741492,0.06190061569213867
1.3130916357040405,1283,94815587,0.06191897392272949
1.3261983394622803,1284,94889283,0.06190848350524902
1.3288859128952026,1285,94962951,0.06203579902648926
1.3088927268981934,1286,95036990,0.06195497512817383
1.3062748908996582,1287,95110868,0.06192970275878906
1.3145915269851685,1288,95184914,0.06204700469970703
1.3113987445831299,1289,95259177,0.06193900108337402
1.325584888458252,1290,95332922,0.06202507019042969
1.3012142181396484,1291,95407101,0.06189537048339844
1.3155155181884766,1292,95480643,0.06196713447570801
1.3128491640090942,1293,95554416,0.0619509220123291
1.3050810098648071,1294,95628287,0.06195545196533203
1.303645372390747,1295,95701808,0.06192731857299805
1.2965072393417358,1296,95775616,0.06196141242980957
1.3245618343353271,1297,95849557,0.06188535690307617
1.309653639793396,1298,95923617,0.06211733818054199
1.3286347389221191,1299,95997691,0.061946868896484375
1.305673599243164,1300,96071275,0.062018632888793945
1.318831205368042,1301,96145475,0.061997175216674805
1.3034064769744873,1302,96219885,0.062023162841796875
1.3179939985275269,1303,96293672,0.06196880340576172
1.3013402223587036,1304,96367935,0.061998844146728516
1.304790735244751,1305,96442051,0.06222724914550781
1.3171004056930542,1306,96515859,0.062067270278930664
1.340367317199707,1307,96589436,0.062120676040649414
1.2972848415374756,1308,96664063,0.06199026107788086
1.3037089109420776,1309,96737983,0.06185579299926758
1.3112454414367676,1310,96811903,0.06196761131286621
1.2948238849639893,1311,96886005,0.061990976333618164
1.3169804811477661,1312,96959603,0.06207633018493652
1.3022769689559937,1313,97033222,0.06200265884399414
1.3233613967895508,1314,97107177,0.06209206581115723
1.3113692998886108,1315,97181468,0.06186413764953613
1.2939406633377075,1316,97255528,0.06196117401123047
1.3149405717849731,1317,97329364,0.06193089485168457
1.3207838535308838,1318,97403067,0.06194591522216797
1.285323977470398,1319,97477162,0.06188678741455078
1.311635971069336,1320,97551194,0.06181049346923828
1.2957839965820312,1321,97625114,0.06185340881347656
1.3049724102020264,1322,97698754,0.06192588806152344
1.2994047403335571,1323,97772674,0.062021493911743164
1.3062642812728882,1324,97846825,0.061879634857177734
1.3253322839736938,1325,97920815,0.06210517883300781
1.297730803489685,1326,97994399,0.06185626983642578
1.3078778982162476,1327,98068410,0.06185650825500488
1.2687088251113892,1328,98142554,0.06179332733154297
1.3033980131149292,1329,98216341,0.06187796592712402
1.29604971408844,1330,98290947,0.06200122833251953
1.327536940574646,1331,98364853,0.06199908256530762
1.312282919883728,1332,98438108,0.06197953224182129
1.2838196754455566,1333,98512378,0.061833858489990234
1.2800452709197998,1334,98586501,0.061971187591552734
1.3011806011199951,1335,98660456,0.06186532974243164
1.3111647367477417,1336,98734243,0.061919212341308594
1.3055927753448486,1337,98807813,0.061830759048461914
1.2972310781478882,1338,98881446,0.06196451187133789
1.3042303323745728,1339,98955282,0.06200599670410156
1.3155205249786377,1340,99029405,0.06203818321228027
1.2959133386611938,1341,99103640,0.06182599067687988
1.289871096611023,1342,99177714,0.0619807243347168
1.2925044298171997,1343,99251501,0.06204962730407715
1.3093386888504028,1344,99324910,0.061856746673583984
1.3031622171401978,1345,99399068,0.06193685531616211
1.3313385248184204,1346,99472519,0.06203436851501465
1.3136014938354492,1347,99546768,0.06195974349975586
1.3354994058609009,1348,99620534,0.062160491943359375
1.2781505584716797,1349,99694258,0.06199193000793457
1.3277254104614258,1350,99768101,0.061670541763305664
1.3066649436950684,1351,99841874,0.061896562576293945
1.3003886938095093,1352,99915451,0.06203770637512207
1.3011261224746704,1353,99989182,0.062006235122680664
1.3143665790557861,1354,100062920,0.06214141845703125
