5.466593265533447,2,355214,0.7777590751647949
5.466699600219727,3,709960,0.38245368003845215
5.465561389923096,4,1063166,0.4091806411743164
5.46193265914917,5,1415630,0.3878467082977295
5.453558921813965,6,1769438,0.3880937099456787
5.4414873123168945,7,2123834,0.3892374038696289
5.42451286315918,8,2477285,0.38804101943969727
5.4028096199035645,9,2830008,0.3873720169067383
5.3776092529296875,10,3183242,0.38942718505859375
5.346720218658447,11,3535860,0.3869621753692627
5.3138203620910645,12,3889367,0.387143611907959
5.276876926422119,13,4242237,0.3869345188140869
5.235827922821045,14,4595933,0.3859844207763672
5.195163726806641,15,4949769,0.38497352600097656
5.1485700607299805,16,5303836,0.3845059871673584
5.102060794830322,17,5658106,0.3842153549194336
5.054364204406738,18,6013447,0.3835792541503906
5.0065507888793945,19,6367689,0.38350939750671387
4.961778163909912,20,6721868,0.38276052474975586
4.914389133453369,21,7075809,0.38278651237487793
4.872562408447266,22,7431087,0.3820059299468994
4.831345558166504,23,7784832,0.38121747970581055
4.792518615722656,24,8140243,0.3809385299682617
4.755398273468018,25,8493988,0.37992334365844727
4.716120719909668,26,8845927,0.3796107769012451
4.6762919425964355,27,9199315,0.3794727325439453
4.640509605407715,28,9553109,0.379824161529541
4.596916675567627,29,9905993,0.37943220138549805
4.561880111694336,30,10258926,0.3788268566131592
4.520798683166504,31,10613028,0.3791625499725342
4.4682135581970215,32,10967340,0.37968969345092773
4.429445743560791,33,11321393,0.37950825691223145
4.388674259185791,34,11674060,0.37947773933410645
4.352670192718506,35,12025600,0.37917399406433105
4.308571815490723,36,12378673,0.3791468143463135
4.27218770980835,37,12732320,0.37902355194091797
4.237876892089844,38,13084182,0.37990641593933105
4.194785118103027,39,13437794,0.37920212745666504
4.157236576080322,40,13789943,0.37914419174194336
4.12626838684082,41,14145382,0.3795759677886963
4.097245693206787,42,14498595,0.3788156509399414
4.0572381019592285,43,14852165,0.3788731098175049
4.025136947631836,44,15204951,0.37903690338134766
3.9911837577819824,45,15558822,0.3790123462677002
3.9604544639587402,46,15912847,0.379713773727417
3.9184987545013428,47,16267033,0.38004565238952637
3.897346019744873,48,16621345,0.37949037551879883
3.8613812923431396,49,16976301,0.3791954517364502
3.8355770111083984,50,17328653,0.37918949127197266
3.7958571910858154,51,17681208,0.37893104553222656
3.7619471549987793,52,18034911,0.37923574447631836
3.734753370285034,53,18389237,0.3788163661956787
3.7056238651275635,54,18743836,0.37872982025146484
3.6754605770111084,55,19098246,0.37969064712524414
3.6528594493865967,56,19452719,0.379335880279541
3.6281676292419434,57,19805603,0.3791463375091553
3.5839881896972656,58,20159320,0.3791935443878174
3.5679140090942383,59,20512197,0.37908005714416504
3.5330631732940674,60,20867202,0.37877678871154785
3.5164108276367188,61,21222536,0.3788273334503174
3.496324300765991,62,21576904,0.37917542457580566
3.4712631702423096,63,21930859,0.3788278102874756
3.4530670642852783,64,22285486,0.3798208236694336
3.430262565612793,65,22639735,0.37976837158203125
3.407141923904419,66,22992458,0.3792107105255127
3.3777992725372314,67,23347330,0.3788187503814697
3.351802110671997,68,23701376,0.3793928623199463
3.3406546115875244,69,24055233,0.3789653778076172
3.3043510913848877,70,24409608,0.3792996406555176
3.2935614585876465,71,24766489,0.3792586326599121
3.27960467338562,72,25119464,0.37897324562072754
3.2566587924957275,73,25472383,0.3796992301940918
3.2275760173797607,74,25826310,0.37976670265197754
3.2025718688964844,75,26179110,0.3793175220489502
3.1690518856048584,76,26533142,0.379500150680542
3.137143850326538,77,26887167,0.3805396556854248
3.1365163326263428,78,27242088,0.38013315200805664
3.1014301776885986,79,27596505,0.379589319229126
3.0725231170654297,80,27950418,0.3796265125274658
3.0479938983917236,81,28303820,0.3795285224914551
3.0244336128234863,82,28657999,0.3799169063568115
3.000476360321045,83,29012969,0.37961745262145996
2.9812681674957275,84,29367897,0.37970662117004395
2.948889970779419,85,29722132,0.3790915012359619
2.942491054534912,86,30076367,0.3792726993560791
2.9244117736816406,87,30428208,0.37955141067504883
2.906564950942993,88,30783339,0.38002586364746094
2.8773462772369385,89,31136412,0.37939906120300293
2.8729422092437744,90,31489485,0.3816545009613037
2.8464460372924805,91,31843167,0.38214540481567383
2.8447322845458984,92,32197444,0.3839123249053955
2.817142963409424,93,32551049,0.38234591484069824
2.7970705032348633,94,32903660,0.3830125331878662
2.79028058052063,95,33255256,0.3836328983306885
2.7760157585144043,96,33608693,0.3830380439758301
2.753268003463745,97,33960499,0.3826444149017334
2.7387800216674805,98,34313859,0.3825969696044922
2.7240395545959473,99,34667793,0.3820326328277588
2.708637237548828,100,35020404,0.3823428153991699
2.7009713649749756,101,35374079,0.38215017318725586
2.6836674213409424,102,35729882,0.38240981101989746
2.6697700023651123,103,36083858,0.38231444358825684
2.654789924621582,104,36437820,0.3830540180206299
2.646510362625122,105,36791586,0.3798205852508545
2.6244566440582275,106,37146059,0.3791964054107666
2.6087803840637207,107,37500406,0.37932348251342773
2.605360507965088,108,37853626,0.37955331802368164
2.5974113941192627,109,38208113,0.3791513442993164
2.5847525596618652,110,38562068,0.3786773681640625
2.558825969696045,111,38918144,0.3792688846588135
2.5539028644561768,112,39272211,0.3793506622314453
2.545642614364624,113,39627594,0.37939953804016113
2.540426731109619,114,39980492,0.3796865940093994
2.528561592102051,115,40335259,0.3794717788696289
2.5193557739257812,116,40690467,0.37981724739074707
2.509437084197998,117,41044590,0.37965869903564453
2.475940465927124,118,41398454,0.37941408157348633
2.503605842590332,119,41752059,0.3792872428894043
2.461662769317627,120,42107470,0.3803107738494873
2.4577858448028564,121,42462839,0.3799707889556885
2.4658522605895996,122,42815982,0.3794999122619629
2.4469006061553955,123,43169041,0.37970495223999023
2.419771671295166,124,43523129,0.37964630126953125
2.4280974864959717,125,43877420,0.37899255752563477
2.421403408050537,126,44232264,0.37949109077453613
2.417513608932495,127,44587045,0.37937307357788086
2.407496929168701,128,44938557,0.37937045097351074
2.3942649364471436,129,45292799,0.3792603015899658
2.3867883682250977,130,45646677,0.37919116020202637
2.3893518447875977,131,45996775,0.3792452812194824
2.375903606414795,132,46350037,0.3799738883972168
2.3634450435638428,133,46702879,0.3796088695526123
2.357388496398926,134,47056820,0.378878116607666
2.355203628540039,135,47409942,0.37879276275634766
2.353325128555298,136,47763414,0.37961411476135254
2.3360843658447266,137,48117439,0.3802816867828369
2.3211162090301514,138,48472808,0.3805577754974365
2.316624402999878,139,48827708,0.3794870376586914
2.3141541481018066,140,49181250,0.37996697425842285
2.302382707595825,141,49534001,0.37976598739624023
2.294306993484497,142,49890602,0.37946438789367676
2.2857179641723633,143,50246202,0.37911152839660645
2.2970237731933594,144,50598890,0.3794543743133545
2.2926692962646484,145,50954070,0.3798699378967285
2.290344476699829,146,51306289,0.3791615962982178
2.270003080368042,147,51660573,0.3795278072357178
2.269836187362671,148,52014990,0.37941908836364746
2.2527120113372803,149,52368385,0.37940096855163574
2.2551662921905518,150,52723026,0.37955164909362793
2.2518601417541504,151,53076617,0.37903857231140137
2.238293170928955,152,53428794,0.3796041011810303
2.2460575103759766,153,53781426,0.37917041778564453
2.2253077030181885,154,54137019,0.3798060417175293
2.228043556213379,155,54491429,0.37938451766967773
2.2336039543151855,156,54845328,0.3796207904815674
2.215637445449829,157,55198821,0.3793659210205078
2.207101583480835,158,55551873,0.3796045780181885
2.211027145385742,159,55905114,0.3788776397705078
2.2000865936279297,160,56257781,0.37917399406433105
2.205045700073242,161,56613906,0.3800325393676758
2.194591999053955,162,56967980,0.37951040267944336
2.1854660511016846,163,57323363,0.37952423095703125
2.1964569091796875,164,57677185,0.37903332710266113
2.181217908859253,165,58030076,0.38009119033813477
2.1789872646331787,166,58384423,0.37917613983154297
2.173124074935913,167,58737090,0.3793458938598633
2.158057928085327,168,59090842,0.379260778427124
2.174682378768921,169,59443782,0.3795278072357178
2.15212345123291,170,59798115,0.3794729709625244
2.1571555137634277,171,60153246,0.3793814182281494
2.1533830165863037,172,60506508,0.3794112205505371
2.1559882164001465,173,60860365,0.3793928623199463
2.141834020614624,174,61214320,0.3793761730194092
2.1354706287384033,175,61569892,0.379122257232666
2.145960569381714,176,61925877,0.37946462631225586
2.142808198928833,177,62278019,0.3792695999145508
2.1274218559265137,178,62630658,0.3794589042663574
2.1217429637908936,179,62984592,0.3793947696685791
2.1069657802581787,180,63338001,0.37930822372436523
2.1198086738586426,181,63692523,0.3791067600250244
2.105428695678711,182,64046296,0.3796389102935791
2.102893829345703,183,64400839,0.3802309036254883
2.1069159507751465,184,64754451,0.37937450408935547
2.0958328247070312,185,65108672,0.37895679473876953
2.1064953804016113,186,65461080,0.38008999824523926
2.1044414043426514,187,65813894,0.37979555130004883
2.0880579948425293,188,66169452,0.3789520263671875
2.0918970108032227,189,66521979,0.3796396255493164
2.0963516235351562,190,66874807,0.38016676902770996
2.079437017440796,191,67229777,0.38056373596191406
2.0841050148010254,192,67583088,0.3804190158843994
2.0798306465148926,193,67938079,0.3798060417175293
2.064316511154175,194,68294036,0.380748987197876
2.074726104736328,195,68648509,0.38054585456848145
2.0695176124572754,196,69002653,0.37970542907714844
2.0715487003326416,197,69355719,0.3815131187438965
2.067690134048462,198,69708631,0.3794078826904297
2.065059185028076,199,70061214,0.38006591796875
2.05561900138855,200,70415540,0.38157200813293457
2.064915418624878,201,70769054,0.3796262741088867
2.05570387840271,202,71120874,0.37962961196899414
2.0501880645751953,203,71476334,0.3786890506744385
2.0567922592163086,204,71827916,0.3793036937713623
2.0487942695617676,205,72183019,0.3788623809814453
2.0471670627593994,206,72536134,0.3791518211364746
2.053865909576416,207,72889711,0.3797144889831543
2.052403450012207,208,73242000,0.37974119186401367
2.0438902378082275,209,73597005,0.3794722557067871
2.03723406791687,210,73952451,0.3794863224029541
2.027413845062256,211,74308030,0.3797025680541992
2.0354883670806885,212,74660277,0.37975358963012695
2.0294313430786133,213,75012167,0.37973618507385254
2.0350093841552734,214,75364393,0.3802633285522461
2.0250473022460938,215,75717067,0.38019800186157227
2.030303478240967,216,76070861,0.3794577121734619
2.0134804248809814,217,76425817,0.3794059753417969
2.025042772293091,218,76778785,0.37987804412841797
2.0155694484710693,219,77133762,0.3796534538269043
2.0149142742156982,220,77488270,0.3795738220214844
2.0169076919555664,221,77840643,0.3793926239013672
2.019946813583374,222,78196180,0.3792438507080078
2.0094311237335205,223,78550793,0.37952375411987305
2.008558988571167,224,78905875,0.37930822372436523
2.0066418647766113,225,79261027,0.37947630882263184
2.0049307346343994,226,79615605,0.3791232109069824
2.004995584487915,227,79971793,0.37920594215393066
1.9981826543807983,228,80326014,0.3795757293701172
1.9963147640228271,229,80678758,0.3796265125274658
2.000979423522949,230,81031880,0.3795130252838135
1.9928383827209473,231,81386598,0.3786509037017822
2.000201940536499,232,81741442,0.3796391487121582
1.9956790208816528,233,82095292,0.37992382049560547
1.9900012016296387,234,82450535,0.3791189193725586
1.9975336790084839,235,82805624,0.3791069984436035
1.9935637712478638,236,83159838,0.3793301582336426
1.9951025247573853,237,83513401,0.379955530166626
1.9763933420181274,238,83867783,0.3802013397216797
1.9925000667572021,239,84219162,0.3797283172607422
1.992427945137024,240,84571024,0.3793013095855713
1.9899822473526,241,84924986,0.3793213367462158
1.9740090370178223,242,85278787,0.37948036193847656
1.984420895576477,243,85634331,0.37915802001953125
1.986391544342041,244,85988902,0.3792140483856201
1.9782981872558594,245,86344838,0.37886857986450195
1.9786354303359985,246,86700179,0.37970757484436035
1.980471134185791,247,87055492,0.37933921813964844
1.9865835905075073,248,87411379,0.3793485164642334
1.9717377424240112,249,87766160,0.38008999824523926
1.9759448766708374,250,88120682,0.3795046806335449
1.9892905950546265,251,88474931,0.37924957275390625
1.9798372983932495,252,88827234,0.37952208518981934
1.980383276939392,253,89181007,0.3803882598876953
1.9660378694534302,254,89533982,0.37996482849121094
1.9589923620224,255,89889428,0.3790104389190674
1.9649559259414673,256,90242620,0.37899208068847656
1.9747496843338013,257,90597044,0.3804318904876709
1.9625244140625,258,90952462,0.3800973892211914
1.9833037853240967,259,91305899,0.37935423851013184
1.9714953899383545,260,91660078,0.37942075729370117
1.9757513999938965,261,92013312,0.3801295757293701
1.978158712387085,262,92366791,0.3796405792236328
1.9628099203109741,263,92720389,0.3790433406829834
1.9663187265396118,264,93075513,0.3787200450897217
1.9661450386047363,265,93428327,0.37972092628479004
1.9700345993041992,266,93784074,0.37958693504333496
1.9615553617477417,267,94137987,0.3792901039123535
1.978329062461853,268,94490276,0.37905120849609375
1.9591877460479736,269,94845064,0.37949585914611816
1.9627504348754883,270,95200237,0.3799161911010742
1.9720767736434937,271,95553793,0.37936830520629883
1.9541106224060059,272,95908637,0.37906479835510254
1.9756226539611816,273,96262564,0.37970972061157227
1.9533376693725586,274,96619648,0.37983226776123047
1.9520405530929565,275,96973225,0.37920427322387695
1.9488564729690552,276,97329224,0.3791680335998535
1.9689123630523682,277,97683725,0.37969255447387695
1.958005428314209,278,98036273,0.37943172454833984
1.956761360168457,279,98391369,0.37906956672668457
1.9751497507095337,280,98744561,0.37944579124450684
1.9637506008148193,281,99099832,0.37972354888916016
1.965090274810791,282,99453353,0.37960338592529297
1.9647201299667358,283,99807777,0.379305362701416
1.9534465074539185,284,100162285,0.37934112548828125
