5.508598327636719,2,351378,0.6785638332366943
5.508999347686768,3,702806,0.38300204277038574
5.508617401123047,4,1057349,0.4079575538635254
5.503458499908447,5,1409883,0.3873860836029053
5.493515968322754,6,1764139,0.38751673698425293
5.479097366333008,7,2116967,0.386838436126709
5.459316730499268,8,2471573,0.3865046501159668
5.433316707611084,9,2826039,0.38738274574279785
5.40518856048584,10,3180848,0.3870964050292969
5.371283054351807,11,3534929,0.3863565921783447
5.333889007568359,12,3890277,0.3860316276550293
5.291746616363525,13,4243385,0.3856029510498047
5.247857570648193,14,4597403,0.38480138778686523
5.199279308319092,15,4951421,0.38492298126220703
5.152646541595459,16,5303864,0.38463878631591797
5.102367877960205,17,5656209,0.38570213317871094
5.050581455230713,18,6010472,0.3878152370452881
5.000033378601074,19,6364637,0.3849148750305176
4.950803756713867,20,6719621,0.3845634460449219
4.905239582061768,21,7074584,0.3832428455352783
4.85887336730957,22,7429946,0.38317203521728516
4.812590599060059,23,7784405,0.38115429878234863
4.769443988800049,24,8137380,0.38152384757995605
4.728005886077881,25,8491867,0.38069915771484375
4.684354782104492,26,8844492,0.38074684143066406
4.638912677764893,27,9198615,0.38016796112060547
4.600801467895508,28,9553529,0.38007140159606934
4.555074214935303,29,9908338,0.3794901371002197
4.515718460083008,30,10263182,0.37894392013549805
4.46941614151001,31,10616311,0.37956953048706055
4.432514667510986,32,10968033,0.3795607089996338
4.391129493713379,33,11320882,0.37981200218200684
4.347102165222168,34,11674102,0.3797297477722168
4.313928604125977,35,12029380,0.3794093132019043
4.272341728210449,36,12381963,0.3797152042388916
4.232469081878662,37,12734791,0.3798682689666748
4.193641185760498,38,13087332,0.37972187995910645
4.163748741149902,39,13440881,0.38010549545288086
4.11660099029541,40,13793751,0.37981200218200684
4.087428569793701,41,14149099,0.37958383560180664
4.0702362060546875,42,14501444,0.3797135353088379
4.022266387939453,43,14855784,0.3814692497253418
3.9883620738983154,44,15209802,0.38054728507995605
3.960620641708374,45,15564380,0.3795313835144043
3.9258179664611816,46,15917684,0.3795435428619385
3.8870460987091064,47,16270561,0.3804588317871094
3.856569290161133,48,16624719,0.3801286220550537
3.826608180999756,49,16979822,0.3797116279602051
3.7942543029785156,50,17333294,0.379732608795166
3.7662103176116943,51,17687466,0.3802628517150879
3.738337755203247,52,18042891,0.37938404083251953
3.717456340789795,53,18398113,0.38016462326049805
3.673405647277832,54,18752453,0.3799009323120117
3.6361563205718994,55,19107031,0.37950873374938965
3.618891716003418,56,19460951,0.379331111907959
3.5932726860046387,57,19814507,0.38021254539489746
3.5637428760528564,58,20170702,0.38020801544189453
3.539308547973633,59,20525322,0.37921643257141113
3.5092313289642334,60,20878836,0.37931060791015625
3.479417324066162,61,21232700,0.37969374656677246
3.45393967628479,62,21586669,0.37966275215148926
3.43190598487854,63,21942801,0.379941463470459
3.4147067070007324,64,22296546,0.3791980743408203
3.4007163047790527,65,22649598,0.3791501522064209
3.370605707168579,66,23004169,0.37880420684814453
3.352454900741577,67,23356374,0.3792273998260498
3.318025827407837,68,23710483,0.37930941581726074
3.302143096923828,69,24066433,0.37979960441589355
3.2758238315582275,70,24420955,0.37972259521484375
3.268490791320801,71,24773692,0.37952256202697754
3.2358853816986084,72,25128158,0.3791162967681885
3.209989070892334,73,25483093,0.37992095947265625
3.1810569763183594,74,25834864,0.38048362731933594
3.1628341674804688,75,26189673,0.37955236434936523
3.144237995147705,76,26543586,0.37946128845214844
3.1011409759521484,77,26896267,0.37963175773620605
3.087916135787964,78,27251902,0.3792996406555176
3.067894458770752,79,27605388,0.37897825241088867
3.0538218021392822,80,27959889,0.37918806076049805
3.0162999629974365,81,28311352,0.38005685806274414
3.0112035274505615,82,28664467,0.3796422481536865
2.9803717136383057,83,29017981,0.3789839744567871
2.9716296195983887,84,29373252,0.3791182041168213
2.9387030601501465,85,29729566,0.3795585632324219
2.9229447841644287,86,30082233,0.379497766494751
2.9007456302642822,87,30434186,0.3788578510284424
2.8850600719451904,88,30790437,0.3803379535675049
2.872894048690796,89,31142621,0.38049983978271484
2.8520238399505615,90,31496387,0.37941503524780273
2.8397505283355713,91,31850090,0.3790767192840576
2.8204236030578613,92,32205781,0.37961578369140625
2.7869949340820312,93,32561087,0.3802213668823242
2.779050350189209,94,32913985,0.38010692596435547
2.7583208084106445,95,33270950,0.37935566902160645
2.741429567337036,96,33623785,0.37932872772216797
2.716637372970581,97,33976774,0.37955665588378906
2.708552360534668,98,34331996,0.3796854019165039
2.693574905395508,99,34685769,0.37898683547973633
2.680140495300293,100,35039584,0.3799259662628174
2.6788666248321533,101,35391271,0.3794372081756592
2.6508758068084717,102,35743994,0.3793504238128662
2.655665397644043,103,36096857,0.37969064712524414
2.632113218307495,104,36450084,0.37912487983703613
2.6166844367980957,105,36805565,0.37926554679870605
2.607229709625244,106,37158631,0.37921810150146484
2.58902907371521,107,37511998,0.3794848918914795
2.5813581943511963,108,37866184,0.3795583248138428
2.5719358921051025,109,38220734,0.37967658042907715
2.5605649948120117,110,38572407,0.37979912757873535
2.5515828132629395,111,38927748,0.3800177574157715
2.541782855987549,112,39282368,0.37911343574523926
2.535629987716675,113,39636470,0.37914228439331055
2.5209012031555176,114,39989613,0.37906312942504883
2.512803554534912,115,40343750,0.3795170783996582
2.502638578414917,116,40696361,0.37986159324645996
2.489157199859619,117,41050330,0.37920451164245605
2.4879188537597656,118,41403571,0.3794124126434326
2.472381591796875,119,41756791,0.379514217376709
2.461230754852295,120,42112517,0.37966370582580566
2.456087350845337,121,42467459,0.3796241283416748
2.452077865600586,122,42823136,0.3793017864227295
2.4435300827026367,123,43175222,0.3793332576751709
2.440572500228882,124,43527763,0.3798038959503174
2.4229390621185303,125,43880976,0.3803672790527344
2.427307367324829,126,44233636,0.3797149658203125
2.403444528579712,127,44587969,0.3798553943634033
2.4048662185668945,128,44942134,0.3796253204345703
2.3870675563812256,129,45295977,0.3801136016845703
2.39691424369812,130,45649897,0.38119935989379883
2.37684965133667,131,46003418,0.3803989887237549
2.3738441467285156,132,46357898,0.3796553611755371
2.357363224029541,133,46711874,0.37943363189697266
2.357384443283081,134,47064632,0.3800983428955078
2.3447630405426025,135,47419322,0.38034582138061523
2.3515188694000244,136,47773718,0.37946367263793945
2.3344380855560303,137,48129724,0.37964558601379395
2.3343708515167236,138,48481635,0.38007640838623047
2.3299307823181152,139,48837221,0.3936159610748291
2.305384635925293,140,49192198,0.3799445629119873
2.3124427795410156,141,49548022,0.3800044059753418
2.3134536743164062,142,49903706,0.37998437881469727
2.292311906814575,143,50257927,0.3795807361602783
2.3049426078796387,144,50612344,0.3794245719909668
2.2981863021850586,145,50967342,0.379777193069458
2.292907476425171,146,51322158,0.37954092025756836
2.2791786193847656,147,51673782,0.3797461986541748
2.276289224624634,148,52024482,0.37923693656921387
2.2625362873077393,149,52376631,0.3804192543029785
2.2643418312072754,150,52731580,0.38010072708129883
2.2575314044952393,151,53085115,0.37949347496032715
2.2460074424743652,152,53440008,0.3794538974761963
2.239945411682129,153,53794572,0.37976527214050293
2.240274429321289,154,54147904,0.38010525703430176
2.2329440116882324,155,54501516,0.3796238899230957
2.22041654586792,156,54854400,0.37947940826416016
2.228095054626465,157,55208999,0.379256010055542
2.218562126159668,158,55563010,0.3795027732849121
2.2146897315979004,159,55917308,0.37995219230651855
2.209141969680786,160,56272565,0.3801722526550293
2.21376371383667,161,56627486,0.379925012588501
2.192305564880371,162,56982134,0.3790450096130371
2.202357530593872,163,57335235,0.37925004959106445
2.1911027431488037,164,57688504,0.37983036041259766
2.1912155151367188,165,58041927,0.3800485134124756
2.183095932006836,166,58396638,0.3792886734008789
2.180087089538574,167,58752574,0.37989115715026855
2.1810109615325928,168,59105773,0.3798840045928955
2.1699254512786865,169,59459966,0.3800382614135742
2.163295030593872,170,59815986,0.3794989585876465
2.1664671897888184,171,60169318,0.3793203830718994
2.1649367809295654,172,60522832,0.3791968822479248
2.167721748352051,173,60877389,0.37948131561279297
2.1544101238250732,174,61230406,0.3797121047973633
2.146385431289673,175,61584235,0.379197359085083
2.1337852478027344,176,61937525,0.3792908191680908
2.1431446075439453,177,62291844,0.3797879219055176
2.149430990219116,178,62646261,0.380662202835083
2.135558843612671,179,63000461,0.379427433013916
2.1274993419647217,180,63354738,0.3791971206665039
2.136770248413086,181,63711108,0.37923169136047363
2.1227214336395264,182,64066792,0.3793613910675049
2.1170430183410645,183,64419543,0.3789815902709961
2.1129541397094727,184,64775283,0.3788175582885742
2.114284038543701,185,65128986,0.3795464038848877
2.1318466663360596,186,65481604,0.3789370059967041
2.1185598373413086,187,65835664,0.3788108825683594
2.1001951694488525,188,66190634,0.37921571731567383
2.097691059112549,189,66543798,0.3792133331298828
2.101778268814087,190,66897851,0.37889933586120605
2.1054604053497314,191,67251610,0.37906312942504883
2.1038873195648193,192,67604424,0.37892889976501465
2.0996789932250977,193,67957749,0.37979912757873535
2.100987672805786,194,68311935,0.37932801246643066
2.0782909393310547,195,68665344,0.37916088104248047
2.0851101875305176,196,69019705,0.3791491985321045
2.0697336196899414,197,69373163,0.37984752655029297
2.0830941200256348,198,69726222,0.3796706199645996
2.0668416023254395,199,70082004,0.37952589988708496
2.0623745918273926,200,70438045,0.379040002822876
2.0744097232818604,201,70791167,0.37870359420776367
2.054121971130371,202,71144954,0.37914133071899414
2.070392370223999,203,71499665,0.37936830520629883
2.060572385787964,204,71854124,0.37956666946411133
2.047499179840088,205,72209388,0.378856897354126
2.0610344409942627,206,72563994,0.37946271896362305
2.0597097873687744,207,72916647,0.37906503677368164
2.0565946102142334,208,73269461,0.379047155380249
2.0443997383117676,209,73622184,0.3788471221923828
2.0480265617370605,210,73977049,0.3788621425628662
2.045517921447754,211,74333090,0.3793933391571045
2.0429160594940186,212,74686415,0.3795597553253174
2.0354599952697754,213,75040083,0.3786916732788086
2.0296149253845215,214,75392869,0.3790147304534912
2.0395100116729736,215,75749624,0.37961912155151367
2.0177700519561768,216,76102872,0.3791172504425049
2.04250431060791,217,76455875,0.3801422119140625
2.0379602909088135,218,76810096,0.37940001487731934
2.0399625301361084,219,77165626,0.3795292377471924
2.0317113399505615,220,77521730,0.3791971206665039
2.0333964824676514,221,77876273,0.37946367263793945
2.0286076068878174,222,78228870,0.3792259693145752
2.0247786045074463,223,78584225,0.379697322845459
2.036682605743408,224,78936885,0.3801393508911133
2.024155855178833,225,79290098,0.37958407402038574
2.0142383575439453,226,79644256,0.3793909549713135
2.0117201805114746,227,79998113,0.3798344135284424
2.0220139026641846,228,80352145,0.3801126480102539
2.0086328983306885,229,80706352,0.3797733783721924
2.0142159461975098,230,81059733,0.3795146942138672
2.00482439994812,231,81413184,0.3791027069091797
2.0177254676818848,232,81766621,0.3796355724334717
1.9985899925231934,233,82122480,0.3794732093811035
2.0066864490509033,234,82477513,0.38024449348449707
1.9966086149215698,235,82831083,0.3801109790802002
1.996004581451416,236,83187467,0.3796505928039551
2.0021204948425293,237,83541513,0.37958836555480957
2.0005338191986084,238,83894306,0.38021135330200195
1.993788242340088,239,84248702,0.37962889671325684
1.9897452592849731,240,84603770,0.3798196315765381
2.0143094062805176,241,84957774,0.3800323009490967
2.004411220550537,242,85310742,0.3792414665222168
2.0010437965393066,243,85662975,0.379871129989624
1.9993335008621216,244,86016545,0.3808155059814453
1.9865614175796509,245,86369205,0.37984299659729004
1.9886534214019775,246,86723923,0.3793926239013672
1.9918652772903442,247,87079432,0.37990784645080566
1.9959889650344849,248,87431959,0.37990498542785645
1.984185814857483,249,87784178,0.3799433708190918
1.994570016860962,250,88139785,0.3798956871032715
1.986527919769287,251,88493992,0.37979912757873535
1.9895869493484497,252,88850152,0.3796384334564209
1.9950255155563354,253,89204576,0.37973928451538086
1.9947586059570312,254,89557936,0.37983059883117676
1.9785113334655762,255,89912969,0.38072681427001953
1.985073447227478,256,90267344,0.3802146911621094
1.9794611930847168,257,90622776,0.37956786155700684
1.9781076908111572,258,90978019,0.37955355644226074
1.989759087562561,259,91330770,0.37991881370544434
1.9881327152252197,260,91682569,0.3800384998321533
1.9714200496673584,261,92038141,0.38021039962768555
1.985227108001709,262,92392285,0.3802340030670166
1.9733097553253174,263,92746793,0.3799247741699219
1.990797996520996,264,93098858,0.379650354385376
1.9689534902572632,265,93454535,0.3792901039123535
1.9847699403762817,266,93808119,0.37984657287597656
1.9823594093322754,267,94160702,0.379885196685791
1.9795825481414795,268,94513831,0.380401611328125
1.9633852243423462,269,94868962,0.38082098960876465
1.9653609991073608,270,95224107,0.38024401664733887
1.9666783809661865,271,95579959,0.3798689842224121
1.9677045345306396,272,95936483,0.3796558380126953
1.9733272790908813,273,96290053,0.3793511390686035
1.9786969423294067,274,96642804,0.37955808639526367
1.9739309549331665,275,96996514,0.37943553924560547
1.9729446172714233,276,97351561,0.38042736053466797
1.9842942953109741,277,97703710,0.38007307052612305
1.9689419269561768,278,98057602,0.38027095794677734
1.9757061004638672,279,98410584,0.38044214248657227
1.9717079401016235,280,98765267,0.37984418869018555
1.9712883234024048,281,99119355,0.37932491302490234
1.9740070104599,282,99472099,0.379180908203125
1.9730077981948853,283,99827706,0.3788270950317383
1.971683144569397,284,100179799,0.3788323402404785
