5.4723286628723145,2,355263,1.2808139324188232
5.473565101623535,3,706782,0.38162755966186523
5.4727630615234375,4,1062368,0.41058945655822754
5.468327522277832,5,1415455,0.39028382301330566
5.459321975708008,6,1768927,0.38977932929992676
5.447443008422852,7,2122294,0.3894767761230469
5.4310455322265625,8,2476858,0.3900282382965088
5.410539627075195,9,2830127,0.38928818702697754
5.3863701820373535,10,3182794,0.3892362117767334
5.358667373657227,11,3535615,0.3885772228240967
5.325965881347656,12,3890844,0.3884458541870117
5.292270660400391,13,4245345,0.3889169692993164
5.254841327667236,14,4600665,0.3880496025085449
5.215967178344727,15,4954634,0.3873598575592041
5.174360275268555,16,5309044,0.3870728015899658
5.133162975311279,17,5662376,0.386305570602417
5.089936256408691,18,6013867,0.38626527786254883
5.0432515144348145,19,6368417,0.3864896297454834
4.997610569000244,20,6724087,0.38643908500671387
4.951756477355957,21,7078630,0.3853769302368164
4.906737327575684,22,7434328,0.3851742744445801
4.862569332122803,23,7788073,0.38483262062072754
4.820497989654541,24,8142350,0.38402652740478516
4.775745391845703,25,8497012,0.38360118865966797
4.730703353881836,26,8850288,0.38341379165649414
4.691129207611084,27,9203669,0.38278889656066895
4.6443986892700195,28,9557596,0.38243770599365234
4.609005451202393,29,9910599,0.3843269348144531
4.568169593811035,30,10264148,0.38281893730163574
4.519076347351074,31,10619839,0.3822360038757324
4.472326278686523,32,10973416,0.38301920890808105
4.430167198181152,33,11328197,0.3828859329223633
4.3830342292785645,34,11681725,0.3827078342437744
4.354256629943848,35,12036128,0.38234972953796387
4.304425239562988,36,12390398,0.3845326900482178
4.265354156494141,37,12744696,0.38501524925231934
4.238990783691406,38,13099295,0.3839387893676758
4.186195373535156,39,13454160,0.3835599422454834
4.160296440124512,40,13808563,0.3831188678741455
4.122067928314209,41,14165017,0.38250136375427246
4.087908744812012,42,14521037,0.38297581672668457
4.047005653381348,43,14875510,0.38306570053100586
4.023665904998779,44,15229129,0.3821229934692383
3.979846477508545,45,15582874,0.381181001663208
3.950390100479126,46,15936682,0.38039231300354004
3.915813684463501,47,16290973,0.37982916831970215
3.8780272006988525,48,16645824,0.3802909851074219
3.844576597213745,49,16999695,0.3814077377319336
3.8142998218536377,50,17352537,0.3814835548400879
3.7788920402526855,51,17706219,0.38037705421447754
3.7450337409973145,52,18060895,0.3797907829284668
3.7211754322052,53,18414990,0.38025879859924316
3.687570333480835,54,18769414,0.3805844783782959
3.647928237915039,55,19124062,0.37944865226745605
3.6265461444854736,56,19476883,0.3802022933959961
3.6020262241363525,57,19830635,0.3799128532409668
3.5749847888946533,58,20185150,0.3792436122894287
3.5543415546417236,59,20539084,0.3794546127319336
3.5293960571289062,60,20894362,0.3796348571777344
3.497081995010376,61,21249178,0.37973976135253906
3.471229076385498,62,21601859,0.3794877529144287
3.4595518112182617,63,21956045,0.3793904781341553
3.4163453578948975,64,22310462,0.38045263290405273
3.4113640785217285,65,22665033,0.3804514408111572
3.3854334354400635,66,23018953,0.37923669815063477
3.36092472076416,67,23372803,0.37920665740966797
3.334665536880493,68,23726961,0.3800833225250244
3.318636417388916,69,24082736,0.3797581195831299
3.2949745655059814,70,24436572,0.3794708251953125
3.27189564704895,71,24791066,0.3790583610534668
3.2498536109924316,72,25143957,0.3801100254058838
3.2316479682922363,73,25498129,0.38039684295654297
3.2090566158294678,74,25852336,0.3795309066772461
3.175581455230713,75,26206480,0.3796422481536865
3.175784111022949,76,26558272,0.3792991638183594
3.146737575531006,77,26912619,0.3788776397705078
3.12253999710083,78,27266714,0.3793027400970459
3.0968093872070312,79,27620613,0.3792858123779297
3.0754787921905518,80,27975310,0.3799879550933838
3.0629770755767822,81,28327270,0.3795809745788574
3.037355661392212,82,28678859,0.37924838066101074
3.015307903289795,83,29031533,0.3798246383666992
3.0027947425842285,84,29385040,0.37975525856018066
2.974766969680786,85,29739338,0.37976694107055664
2.9509150981903076,86,30091529,0.3791165351867676
2.9317212104797363,87,30445218,0.37963390350341797
2.9248080253601074,88,30799012,0.3799440860748291
2.9048001766204834,89,31151945,0.3795449733734131
2.8705403804779053,90,31507405,0.37923336029052734
2.8565969467163086,91,31862137,0.379044771194458
2.8426096439361572,92,32215903,0.37995314598083496
2.825629472732544,93,32569998,0.37977147102355957
2.8129498958587646,94,32924464,0.37926411628723145
2.7979793548583984,95,33276914,0.37927675247192383
2.778360366821289,96,33632486,0.38040757179260254
2.752450704574585,97,33986322,0.37956714630126953
2.7373006343841553,98,34340137,0.37929701805114746
2.7088265419006348,99,34694204,0.37932252883911133
2.7152810096740723,100,35047396,0.37967824935913086
2.6925578117370605,101,35399503,0.3792235851287842
2.6898257732391357,102,35752254,0.37923479080200195
2.665482759475708,103,36108225,0.37911200523376465
2.6465413570404053,104,36463272,0.3799147605895996
2.638079881668091,105,36816072,0.37967801094055176
2.6298139095306396,106,37168312,0.3794550895690918
2.6154844760894775,107,37520762,0.3790407180786133
2.6030685901641846,108,37875193,0.3800199031829834
2.595369815826416,109,38229211,0.3802299499511719
2.593472719192505,110,38583593,0.37914443016052246
2.564488410949707,111,38937975,0.3791670799255371
2.5513155460357666,112,39291237,0.37900447845458984
2.5466744899749756,113,39644786,0.37923216819763184
2.540825843811035,114,39998986,0.37906813621520996
2.5230307579040527,115,40353242,0.3792846202850342
2.514204263687134,116,40705482,0.3789496421813965
2.5136919021606445,117,41061103,0.3796255588531494
2.507457971572876,118,41414498,0.3792719841003418
2.487851858139038,119,41768327,0.3792595863342285
2.486461639404297,120,42121365,0.379469633102417
2.4701974391937256,121,42476538,0.3795952796936035
2.4621198177337646,122,42830661,0.3792901039123535
2.4528658390045166,123,43186317,0.3793320655822754
2.441267728805542,124,43539453,0.37857651710510254
2.437537431716919,125,43892330,0.37915730476379395
2.4197449684143066,126,44246796,0.379164457321167
2.420544147491455,127,44601304,0.3797492980957031
2.4090893268585205,128,44954216,0.3825387954711914
2.409806251525879,129,45307429,0.3827826976776123
2.4034743309020996,130,45660117,0.38291382789611816
2.3821630477905273,131,46015101,0.38260650634765625
2.388596773147583,132,46368650,0.38227319717407227
2.367426872253418,133,46723270,0.38226866722106934
2.3670403957366943,134,47074901,0.3821532726287842
2.3563790321350098,135,47427820,0.38355088233947754
2.35880708694458,136,47782160,0.38360071182250977
2.3501975536346436,137,48134589,0.38317012786865234
2.344602108001709,138,48489279,0.38244080543518066
2.3372435569763184,139,48843255,0.3825418949127197
2.326848030090332,140,49198638,0.38338541984558105
2.319688081741333,141,49553832,0.3838992118835449
2.3099653720855713,142,49910104,0.3827531337738037
2.3097636699676514,143,50262687,0.38258957862854004
2.2962918281555176,144,50616943,0.3827207088470459
2.293396472930908,145,50972711,0.3830604553222656
2.310572385787964,146,51327079,0.38314056396484375
2.2711000442504883,147,51681930,0.3841550350189209
2.275733470916748,148,52035787,0.3829488754272461
2.2782680988311768,149,52389455,0.3837711811065674
2.271103620529175,150,52743886,0.38286304473876953
2.2733585834503174,151,53096854,0.3826408386230469
2.2605042457580566,152,53450823,0.38311219215393066
2.265847682952881,153,53803805,0.3835477828979492
2.2436575889587402,154,54157928,0.38369226455688477
2.253990411758423,155,54512576,0.38289737701416016
2.2304537296295166,156,54866881,0.3828160762786865
2.2460622787475586,157,55220458,0.3831043243408203
2.229235887527466,158,55574952,0.3833889961242676
2.2236223220825195,159,55927794,0.38303446769714355
2.2209250926971436,160,56280601,0.38285112380981445
2.226285934448242,161,56635802,0.3824920654296875
2.212181329727173,162,56989183,0.3827214241027832
2.219194173812866,163,57342599,0.3825798034667969
2.2022500038146973,164,57697583,0.3827376365661621
2.199162721633911,165,58052154,0.3821980953216553
2.200263023376465,166,58408041,0.3830454349517822
2.183349609375,167,58763865,0.384366512298584
2.193004846572876,168,59119822,0.3826169967651367
2.1780428886413574,169,59474841,0.3829619884490967
2.175359010696411,170,59827648,0.38339877128601074
2.1854841709136963,171,60183745,0.3840639591217041
2.167935371398926,172,60538785,0.3827676773071289
2.1714746952056885,173,60892712,0.38260912895202637
2.1542584896087646,174,61247150,0.38259029388427734
2.143831729888916,175,61603163,0.38315606117248535
2.159691572189331,176,61957650,0.3825500011444092
2.1549758911132812,177,62312515,0.38219428062438965
2.1478395462036133,178,62667345,0.3821132183074951
2.1469035148620605,179,63018451,0.3822972774505615
2.1486306190490723,180,63370628,0.38201475143432617
2.137650728225708,181,63723911,0.38203954696655273
2.135349750518799,182,64080302,0.3820657730102539
2.1396594047546387,183,64433109,0.3820476531982422
2.126293420791626,184,64787533,0.383084774017334
2.141768217086792,185,65139066,0.3826470375061035
2.1256191730499268,186,65491929,0.38253068923950195
2.1147875785827637,187,65847011,0.3821597099304199
2.1168816089630127,188,66199503,0.3825061321258545
2.1034750938415527,189,66554396,0.3824441432952881
2.1088063716888428,190,66909639,0.3829362392425537
2.1124978065490723,191,67262019,0.3823404312133789
2.1007609367370605,192,67615225,0.382122278213501
2.097405195236206,193,67970902,0.3823728561401367
2.095104932785034,194,68325977,0.3820474147796631
2.101576328277588,195,68676033,0.3826563358306885
2.0828189849853516,196,69030933,0.38271594047546387
2.0892012119293213,197,69385749,0.3831665515899658
2.083195924758911,198,69741139,0.3826730251312256
2.0828804969787598,199,70095570,0.3826744556427002
2.0664005279541016,200,70449784,0.38297033309936523
2.0828466415405273,201,70804397,0.3823385238647461
2.06986665725708,202,71157834,0.3826608657836914
2.077996015548706,203,71511033,0.38213372230529785
2.0528016090393066,204,71867781,0.38198184967041016
2.0541117191314697,205,72223325,0.38237905502319336
2.048295736312866,206,72578974,0.3826773166656494
2.0460832118988037,207,72933734,0.3827497959136963
2.0612895488739014,208,73287066,0.38222813606262207
2.04719877243042,209,73640587,0.38219237327575684
2.0541586875915527,210,73995032,0.38240981101989746
2.0506157875061035,211,74351269,0.38263678550720215
2.0385191440582275,212,74706848,0.38286638259887695
2.042870044708252,213,75062091,0.3827507495880127
2.050656318664551,214,75413463,0.38231420516967773
2.0478687286376953,215,75766998,0.38210439682006836
2.0419325828552246,216,76120869,0.38150453567504883
2.033069133758545,217,76474054,0.3827474117279053
2.0416011810302734,218,76827827,0.38286662101745605
2.022247076034546,219,77181964,0.3820652961730957
2.0343430042266846,220,77535891,0.38203859329223633
2.023242235183716,221,77888859,0.3821909427642822
2.0176076889038086,222,78243997,0.3820788860321045
2.03224778175354,223,78599212,0.38230228424072266
2.0063300132751465,224,78953881,0.38173937797546387
2.009958267211914,225,79308438,0.3816962242126465
2.01823091506958,226,79664283,0.38287949562072754
2.0268478393554688,227,80018084,0.38251662254333496
2.0041019916534424,228,80372928,0.381882905960083
2.0115432739257812,229,80727303,0.38226842880249023
2.0152194499969482,230,81080719,0.3827204704284668
2.0112104415893555,231,81433925,0.3824338912963867
2.013413190841675,232,81787810,0.38227105140686035
2.0053412914276123,233,82142836,0.38239049911499023
2.0132765769958496,234,82494943,0.3829500675201416
1.986755609512329,235,82851292,0.38251566886901855
2.0110599994659424,236,83206185,0.38260602951049805
2.0074174404144287,237,83559811,0.38309144973754883
2.0019657611846924,238,83913696,0.38507914543151855
2.0016329288482666,239,84267196,0.3831961154937744
1.9903850555419922,240,84620479,0.3825232982635498
1.9903358221054077,241,84974126,0.3824799060821533
1.9841610193252563,242,85327500,0.3821868896484375
2.000514507293701,243,85680433,0.38353443145751953
1.9818894863128662,244,86035396,0.3830735683441162
1.9925329685211182,245,86388511,0.38329529762268066
1.9855717420578003,246,86745147,0.3822140693664551
1.9949491024017334,247,87096827,0.38229846954345703
1.9730600118637085,248,87452301,0.3828704357147217
1.9910274744033813,249,87807082,0.38277649879455566
1.9807164669036865,250,88162773,0.38250732421875
1.9823883771896362,251,88517477,0.3825719356536865
1.975281834602356,252,88873161,0.382610559463501
1.9840682744979858,253,89228341,0.3823843002319336
1.9785349369049072,254,89582786,0.3823666572570801
1.9821439981460571,255,89936111,0.38292884826660156
1.9784737825393677,256,90290962,0.38452696800231934
1.9837919473648071,257,90644700,0.3812541961669922
1.9828673601150513,258,90997927,0.3798832893371582
1.9705817699432373,259,91351252,0.3797605037689209
1.969542384147644,260,91704717,0.37981152534484863
1.9709107875823975,261,92059764,0.3796238899230957
1.9675190448760986,262,92415448,0.38079380989074707
1.9804006814956665,263,92771069,0.3797607421875
1.9705321788787842,264,93124156,0.37984275817871094
1.975805401802063,265,93479721,0.37926602363586426
1.9810523986816406,266,93833704,0.3798363208770752
1.9726758003234863,267,94188961,0.3794596195220947
1.9847102165222168,268,94540935,0.380382776260376
1.9619337320327759,269,94894687,0.380277156829834
1.9735345840454102,270,95245919,0.3804619312286377
1.9745279550552368,271,95600182,0.38033080101013184
1.9812811613082886,272,95952723,0.3794364929199219
1.9761255979537964,273,96306342,0.37986254692077637
1.9780590534210205,274,96659331,0.38074803352355957
1.9715018272399902,275,97013314,0.3800060749053955
1.9590016603469849,276,97366723,0.38010501861572266
1.9698020219802856,277,97721644,0.37923765182495117
1.9650741815567017,278,98075235,0.37975478172302246
1.9690827131271362,279,98430317,0.3802378177642822
1.968445897102356,280,98785399,0.3799479007720947
1.9711973667144775,281,99138801,0.3795657157897949
1.9570070505142212,282,99493057,0.3792293071746826
1.9699921607971191,283,99845724,0.37944507598876953
1.9702255725860596,284,100199539,0.37967514991760254
