5.463075637817383,2,355235,0.6859443187713623
5.462228775024414,3,708833,0.38116908073425293
5.461778163909912,4,1063593,0.4085054397583008
5.4580864906311035,5,1418619,0.38683485984802246
5.448298931121826,6,1770005,0.38734006881713867
5.4357805252075195,7,2123043,0.38698482513427734
5.417684555053711,8,2476893,0.38697147369384766
5.395527362823486,9,2829504,0.38644886016845703
5.369330406188965,10,3185958,0.3864419460296631
5.3393754959106445,11,3538884,0.38664913177490234
5.304440498352051,12,3895086,0.3864023685455322
5.267589569091797,13,4246388,0.3855409622192383
5.227771282196045,14,4600483,0.38517045974731445
5.185121059417725,15,4953395,0.38536977767944336
5.13899040222168,16,5307714,0.38437628746032715
5.093508243560791,17,5663657,0.3841409683227539
5.0474677085876465,18,6016079,0.3839855194091797
5.000676155090332,19,6370860,0.3839113712310791
4.955780506134033,20,6727321,0.38274359703063965
4.912179946899414,21,7077853,0.38238525390625
4.86832332611084,22,7431794,0.3826735019683838
4.824774742126465,23,7785448,0.3809089660644531
4.784730434417725,24,8139697,0.38091349601745605
4.738786220550537,25,8494359,0.38068604469299316
4.70326042175293,26,8848769,0.38008594512939453
4.655526161193848,27,9205286,0.3803989887237549
4.616196632385254,28,9560326,0.3801403045654297
4.578254222869873,29,9912825,0.3798065185546875
4.53679895401001,30,10265828,0.3794424533843994
4.494876384735107,31,10621694,0.3792552947998047
4.456834316253662,32,10976356,0.3792874813079834
4.411553859710693,33,11330479,0.37915825843811035
4.377038478851318,34,11685624,0.37961363792419434
4.341503143310547,35,12040139,0.3788597583770752
4.2967352867126465,36,12394290,0.37932753562927246
4.261581897735596,37,12747699,0.37895894050598145
4.218681335449219,38,13101619,0.37979578971862793
4.180148124694824,39,13457387,0.37976789474487305
4.146925449371338,40,13812119,0.3795473575592041
4.10837459564209,41,14166263,0.3807790279388428
4.074419021606445,42,14520652,0.3795449733734131
4.0434112548828125,43,14874817,0.3795444965362549
3.998094081878662,44,15231481,0.3795499801635742
3.968319892883301,45,15585751,0.37961483001708984
3.931302785873413,46,15941232,0.38007187843322754
3.8899729251861572,47,16295908,0.37976598739624023
3.8495266437530518,48,16651354,0.3797938823699951
3.816423177719116,49,17005400,0.3791921138763428
3.788499116897583,50,17358501,0.3797423839569092
3.753629207611084,51,17713170,0.3799724578857422
3.716097116470337,52,18068574,0.3801283836364746
3.683511257171631,53,18422151,0.37981271743774414
3.665618896484375,54,18777541,0.3795595169067383
3.6411170959472656,55,19132504,0.37982845306396484
3.6001734733581543,56,19487957,0.38022446632385254
3.5780317783355713,57,19841632,0.3801302909851074
3.5531256198883057,58,20196945,0.38031983375549316
3.53365159034729,59,20550606,0.38027453422546387
3.491583824157715,60,20904841,0.3798058032989502
3.478991985321045,61,21258180,0.3799550533294678
3.4472458362579346,62,21612961,0.38100576400756836
3.4239606857299805,63,21967763,0.38014936447143555
3.401581287384033,64,22322677,0.3794441223144531
3.383090019226074,65,22676457,0.3797006607055664
3.341681480407715,66,23028291,0.3792750835418701
3.334897518157959,67,23379684,0.37950778007507324
3.308607816696167,68,23733037,0.3789710998535156
3.2940945625305176,69,24087454,0.37964463233947754
3.2578094005584717,70,24441276,0.37917208671569824
3.2386221885681152,71,24795490,0.3791947364807129
3.2144179344177246,72,25148962,0.3794689178466797
3.195624351501465,73,25504926,0.3795175552368164
3.172691583633423,74,25855871,0.37932562828063965
3.152527093887329,75,26208104,0.3795890808105469
3.1208770275115967,76,26563410,0.37953877449035645
3.103793144226074,77,26920109,0.37947750091552734
3.0782272815704346,78,27273217,0.37897443771362305
3.045137882232666,79,27626108,0.3792836666107178
3.0335044860839844,80,27980385,0.3786485195159912
3.00671124458313,81,28333150,0.3791239261627197
2.9982666969299316,82,28685425,0.37931251525878906
2.954972982406616,83,29037868,0.3788418769836426
2.9456698894500732,84,29394077,0.37895774841308594
2.908459424972534,85,29749663,0.3792734146118164
2.909930467605591,86,30104073,0.37955188751220703
2.881380558013916,87,30457160,0.3794593811035156
2.8540310859680176,88,30811738,0.3791377544403076
2.8506174087524414,89,31167079,0.3789956569671631
2.820033311843872,90,31522007,0.37926650047302246
2.8147857189178467,91,31875598,0.3791646957397461
2.78761887550354,92,32229784,0.3791067600250244
2.766005516052246,93,32585685,0.37926435470581055
2.759065628051758,94,32940053,0.3796257972717285
2.7462377548217773,95,33294358,0.3790137767791748
2.7145378589630127,96,33649006,0.37918710708618164
2.7035372257232666,97,34003563,0.38019275665283203
2.7061259746551514,98,34357056,0.37923192977905273
2.6887288093566895,99,34709723,0.37905049324035645
2.658909797668457,100,35063601,0.37950968742370605
2.6679635047912598,101,35417976,0.3797745704650879
2.6554479598999023,102,35772330,0.3796677589416504
2.628568410873413,103,36125494,0.3791346549987793
2.6079325675964355,104,36476852,0.3791332244873047
2.6078543663024902,105,36831437,0.3793041706085205
2.5981523990631104,106,37184342,0.37949609756469727
2.5858154296875,107,37539214,0.37955379486083984
2.5786125659942627,108,37891468,0.37912893295288086
2.5504672527313232,109,38246809,0.38041019439697266
2.554076910018921,110,38601359,0.37982821464538574
2.537147045135498,111,38954635,0.3793458938598633
2.537384510040283,112,39307176,0.3789548873901367
2.501946210861206,113,39663553,0.37952470779418945
2.503795862197876,114,40017466,0.3792705535888672
2.497429132461548,115,40370007,0.3790898323059082
2.475675106048584,116,40723703,0.37923121452331543
2.470322608947754,117,41076244,0.3795590400695801
2.465430736541748,118,41430171,0.37923192977905273
2.459864377975464,119,41781844,0.3788912296295166
2.4407129287719727,120,42134224,0.379077672958374
2.427493095397949,121,42487633,0.3790097236633301
2.4332711696624756,122,42842400,0.37897491455078125
2.408250331878662,123,43197237,0.3792457580566406
2.3989064693450928,124,43551311,0.37929344177246094
2.4065892696380615,125,43904027,0.37899208068847656
2.4017677307128906,126,44257051,0.3795623779296875
2.3797998428344727,127,44613330,0.3796215057373047
2.382685899734497,128,44965430,0.3792846202850342
2.371422290802002,129,45320330,0.37926316261291504
2.3575565814971924,130,45674908,0.37948083877563477
2.345743417739868,131,46028807,0.3792281150817871
2.3431105613708496,132,46382594,0.3797481060028076
2.325833559036255,133,46737235,0.3798224925994873
2.3299169540405273,134,47091946,0.37964534759521484
2.323962450027466,135,47445999,0.3795433044433594
2.329115629196167,136,47798883,0.3789188861846924
2.3120229244232178,137,48152684,0.3794853687286377
2.303617477416992,138,48506163,0.3797636032104492
2.303492307662964,139,48859747,0.38006591796875
2.3058714866638184,140,49213184,0.37973737716674805
2.2856881618499756,141,49565662,0.37962818145751953
2.2742972373962402,142,49918308,0.37923622131347656
2.2683420181274414,143,50272718,0.3793680667877197
2.266289710998535,144,50623383,0.3791050910949707
2.242218255996704,145,50977534,0.37909483909606934
2.2390265464782715,146,51332651,0.37917351722717285
2.24428129196167,147,51686494,0.3794534206390381
2.236976385116577,148,52041254,0.37938666343688965
2.239823341369629,149,52396084,0.37949609756469727
2.2402355670928955,150,52749528,0.3802917003631592
2.2532596588134766,151,53102307,0.3794441223144531
2.222761392593384,152,53455030,0.3796579837799072
2.2141778469085693,153,53809552,0.3795435428619385
2.2115726470947266,154,54163255,0.37926673889160156
2.200186252593994,155,54515467,0.37950801849365234
2.201390504837036,156,54867406,0.37917184829711914
2.198119878768921,157,55220570,0.379253625869751
2.1965901851654053,158,55575435,0.37925219535827637
2.2011702060699463,159,55927913,0.3800187110900879
2.187016248703003,160,56282239,0.37950563430786133
2.1764261722564697,161,56635319,0.37911415100097656
2.176002264022827,162,56990107,0.3796267509460449
2.1674814224243164,163,57344944,0.3794734477996826
2.152214527130127,164,57701412,0.3795344829559326
2.154735803604126,165,58053568,0.3799417018890381
2.155311346054077,166,58406676,0.37950849533081055
2.157670497894287,167,58759784,0.37906312942504883
2.1571552753448486,168,59110953,0.3793187141418457
2.136044502258301,169,59465930,0.3788280487060547
2.143375873565674,170,59819787,0.3794522285461426
2.1342320442199707,171,60175191,0.37955427169799805
2.1247782707214355,172,60528817,0.3788566589355469
2.121699571609497,173,60883066,0.37913966178894043
2.124218702316284,174,61235656,0.3787708282470703
2.1204373836517334,175,61589982,0.37905073165893555
2.120480537414551,176,61941991,0.37903523445129395
2.1180789470672607,177,62294294,0.378551721572876
2.115736722946167,178,62648319,0.3792710304260254
2.0917670726776123,179,63001973,0.3788571357727051
2.102137565612793,180,63355942,0.3787684440612793
2.1040115356445312,181,63709330,0.3787398338317871
2.0918047428131104,182,64063656,0.3792133331298828
2.093083143234253,183,64416134,0.379716157913208
2.08156418800354,184,64769935,0.37942004203796387
2.0989134311676025,185,65122966,0.37906932830810547
2.088230848312378,186,65475346,0.3794434070587158
2.0692296028137207,187,65828251,0.37943124771118164
2.0810062885284424,188,66182969,0.379671573638916
2.070158004760742,189,66537778,0.3791954517364502
2.0733113288879395,190,66892286,0.3794856071472168
2.065349578857422,191,67244967,0.3797445297241211
2.085263729095459,192,67598992,0.37890195846557617
2.070554733276367,193,67951421,0.37910914421081543
2.0654258728027344,194,68305362,0.3792228698730469
2.056035280227661,195,68661333,0.3795967102050781
2.0631935596466064,196,69015715,0.37949490547180176
2.0590810775756836,197,69369061,0.3790464401245117
2.049274206161499,198,69723695,0.3791317939758301
2.052191972732544,199,70075802,0.3798370361328125
2.05344295501709,200,70429505,0.3799474239349365
2.0412328243255615,201,70783334,0.37953662872314453
2.0387606620788574,202,71138724,0.3789236545562744
2.0380523204803467,203,71492210,0.378812313079834
2.0490097999572754,204,71846816,0.37891077995300293
2.0305771827697754,205,72200967,0.37894630432128906
2.035001039505005,206,72555790,0.378476619720459
2.0260322093963623,207,72910410,0.3794441223144531
2.037738084793091,208,73266409,0.3797893524169922
2.0273795127868652,209,73620826,0.3791801929473877
2.0367207527160645,210,73972247,0.37892794609069824
2.019258737564087,211,74327665,0.37921595573425293
2.0147886276245117,212,74682474,0.3793060779571533
2.0226175785064697,213,75034658,0.37886500358581543
2.028303861618042,214,75389572,0.37852907180786133
2.0132970809936523,215,75744080,0.37906384468078613
2.025646686553955,216,76097594,0.3788325786590576
2.019235134124756,217,76449624,0.3790924549102783
2.0157485008239746,218,76804398,0.3790779113769531
2.015130043029785,219,77156568,0.37877750396728516
2.020284652709961,220,77510110,0.37893247604370117
2.0118539333343506,221,77863638,0.3786928653717041
1.9952422380447388,222,78217005,0.3791534900665283
2.007896661758423,223,78570162,0.3787717819213867
2.0038039684295654,224,78924691,0.378936767578125
1.9981619119644165,225,79277988,0.3791942596435547
1.9952270984649658,226,79633385,0.37924861907958984
1.992796778678894,227,79987886,0.3788630962371826
1.9925569295883179,228,80343612,0.37907958030700684
1.9934169054031372,229,80698939,0.37912583351135254
1.9883034229278564,230,81052761,0.37931203842163086
1.9877307415008545,231,81406492,0.3796365261077881
1.9993529319763184,232,81761196,0.3799557685852051
1.9948559999465942,233,82114794,0.37921142578125
2.0003092288970947,234,82467741,0.3792755603790283
1.991269588470459,235,82821143,0.3790903091430664
1.9980361461639404,236,83173572,0.38021421432495117
1.9817880392074585,237,83526330,0.38059186935424805
1.9772167205810547,238,83879977,0.3802943229675293
1.9761039018630981,239,84235619,0.38042640686035156
1.9805351495742798,240,84591548,0.3806593418121338
1.9818822145462036,241,84946623,0.3903486728668213
1.9838861227035522,242,85300109,0.3823704719543457
1.9811573028564453,243,85652426,0.38486480712890625
1.997012972831726,244,86005051,0.3845696449279785
1.9729647636413574,245,86360889,0.3840761184692383
1.9690394401550293,246,86716468,0.38503479957580566
1.9735350608825684,247,87071718,0.3840944766998291
1.977103352546692,248,87423986,0.38280653953552246
1.963923692703247,249,87778879,0.38471055030822754
1.9737629890441895,250,88134262,0.3836205005645752
1.9612427949905396,251,88490170,0.3832993507385254
1.9686503410339355,252,88845189,0.3853936195373535
1.9728684425354004,253,89197233,0.38420748710632324
1.9623750448226929,254,89551874,0.3831512928009033
1.965060830116272,255,89905451,0.3830897808074951
1.9768140316009521,256,90258489,0.38005495071411133
1.963122010231018,257,90611919,0.38412904739379883
1.9598121643066406,258,90964873,0.3844118118286133
1.9539334774017334,259,91320032,0.38489580154418945
1.974787712097168,260,91675121,0.38387489318847656
1.9509414434432983,261,92030539,0.38343334197998047
1.9691977500915527,262,92383976,0.3830270767211914
1.9611214399337769,263,92739702,0.3838534355163574
1.9558703899383545,264,93093895,0.3824577331542969
1.956620216369629,265,93449628,0.38326358795166016
1.970720648765564,266,93803268,0.38265419006347656
1.9710817337036133,267,94154766,0.38285279273986816
1.9617732763290405,268,94508308,0.38196682929992676
1.9709875583648682,269,94860142,0.38275742530822754
1.954520583152771,270,95215420,0.3838193416595459
1.9633630514144897,271,95569893,0.3833799362182617
1.9462414979934692,272,95923540,0.3845796585083008
1.973212480545044,273,96276844,0.3821988105773926
1.9557710886001587,274,96629343,0.38246703147888184
1.965153455734253,275,96984663,0.38272666931152344
1.9506360292434692,276,97338506,0.38269829750061035
1.9571623802185059,277,97693448,0.3820314407348633
1.962668538093567,278,98046108,0.38305044174194336
1.9598007202148438,279,98400273,0.3829464912414551
1.9595587253570557,280,98753500,0.38205814361572266
1.9618059396743774,281,99107434,0.3824753761291504
1.9556914567947388,282,99461088,0.3823227882385254
1.9562000036239624,283,99813559,0.38200855255126953
1.9405335187911987,284,100168970,0.38182616233825684
