9.549148559570312,2,17815,0.4638216495513916
9.548433303833008,3,34916,0.11349749565124512
9.550210952758789,4,53029,0.13667035102844238
9.55064582824707,5,71142,0.11175656318664551
9.550164222717285,6,89365,0.10767960548400879
9.550100326538086,7,106807,0.10718870162963867
9.549623489379883,8,124469,0.10716128349304199
9.549595832824707,9,142142,0.10722184181213379
9.550078392028809,10,160959,0.10733342170715332
9.548115730285645,11,178929,0.10721230506896973
9.547280311584473,12,197174,0.10755681991577148
9.546984672546387,13,215441,0.1075136661529541
9.546064376831055,14,233169,0.10710930824279785
9.545160293579102,15,250754,0.10723185539245605
9.546367645263672,16,268603,0.10729479789733887
9.54638671875,17,286496,0.05757951736450195
9.543207168579102,18,304466,0.10712814331054688
9.543313980102539,19,321864,0.1071927547454834
9.54301643371582,20,340395,0.10716938972473145
9.541903495788574,21,358200,0.10733294486999512
9.539344787597656,22,375741,0.10702872276306152
9.540509223937988,23,393821,0.10696554183959961
9.539302825927734,24,411846,0.10717058181762695
9.540462493896484,25,429563,0.10703182220458984
9.538908004760742,26,447137,0.10706567764282227
9.536779403686523,27,465206,0.10706853866577148
9.535091400146484,28,483473,0.10719561576843262
9.533103942871094,29,501146,0.10710000991821289
9.530471801757812,30,519193,0.10782027244567871
9.529637336730957,31,536096,0.10705375671386719
9.527405738830566,32,545291,0.08400559425354004
9.52747631072998,33,563283,0.10797929763793945
9.526300430297852,34,580395,0.10695457458496094
9.526323318481445,35,597969,0.1070549488067627
9.525566101074219,36,615697,0.10719490051269531
9.523487091064453,37,633601,0.10731244087219238
9.520675659179688,38,650999,0.10702037811279297
9.52043342590332,39,668815,0.10711526870727539
9.517938613891602,40,686609,0.10730719566345215
9.5142822265625,41,704645,0.10710382461547852
9.514711380004883,42,722428,0.10715985298156738
9.513401985168457,43,739936,0.1070089340209961
9.507454872131348,44,758566,0.1073150634765625
9.510986328125,45,776063,0.10726475715637207
9.505546569824219,46,793802,0.1073446273803711
9.503436088562012,47,811838,0.10715150833129883
9.501592636108398,48,830402,0.05733680725097656
9.498974800109863,49,847822,0.10698795318603516
9.498366355895996,50,865429,0.10725951194763184
9.493217468261719,51,883058,0.10730934143066406
9.492721557617188,52,900731,0.1070411205291748
9.48958683013916,53,918701,0.10706758499145508
9.486337661743164,54,936121,0.10728240013122559
9.48894214630127,55,953915,0.10759782791137695
9.481346130371094,56,971632,0.10742664337158203
9.480788230895996,57,990625,0.10742974281311035
9.478404998779297,58,1008111,0.10727214813232422
9.473478317260742,59,1025344,0.10693955421447754
9.471108436584473,60,1043380,0.10694074630737305
9.470090866088867,61,1060547,0.10726594924926758
9.465246200561523,62,1077934,0.10702323913574219
9.464323043823242,63,1087074,0.0840919017791748
9.457024574279785,64,1103900,0.10808825492858887
9.458850860595703,65,1122101,0.10750079154968262
9.454954147338867,66,1140214,0.10732555389404297
9.45142936706543,67,1158206,0.1071009635925293
9.447739601135254,68,1176198,0.10832858085632324
9.444272994995117,69,1194201,0.1075139045715332
9.4404296875,70,1212270,0.10696053504943848
9.436296463012695,71,1230218,0.10691595077514648
9.438287734985352,72,1247484,0.10706281661987305
9.42996883392334,73,1265454,0.1072683334350586
9.428462028503418,74,1283369,0.10689902305603027
9.424911499023438,75,1301075,0.10717177391052246
9.422016143798828,76,1318682,0.10709691047668457
9.418529510498047,77,1336938,0.10729503631591797
9.41230583190918,78,1354270,0.1071312427520752
9.411966323852539,79,1372108,0.057303667068481445
9.407033920288086,80,1389396,0.10737752914428711
9.403229713439941,81,1407377,0.10728693008422852
9.400041580200195,82,1425699,0.10726141929626465
9.397089958190918,83,1443416,0.10718798637390137
9.390864372253418,84,1461155,0.10699748992919922
9.387222290039062,85,1479114,0.10717487335205078
9.382646560668945,86,1496523,0.10728311538696289
9.380075454711914,87,1514009,0.10742974281311035
9.377886772155762,88,1531682,0.1072690486907959
9.370645523071289,89,1549047,0.10725903511047363
9.36691665649414,90,1567369,0.10810470581054688
9.362966537475586,91,1585152,0.10774540901184082
9.35631275177002,92,1603507,0.10750699043273926
9.354721069335938,93,1621609,0.10786819458007812
9.350690841674805,94,1629990,0.08436894416809082
9.34499454498291,95,1648345,0.10822176933288574
9.341410636901855,96,1666084,0.10717177391052246
9.336055755615234,97,1683636,0.10721182823181152
9.334017753601074,98,1701551,0.10718345642089844
9.325996398925781,99,1719642,0.1070249080657959
9.318938255310059,100,1737744,0.10707497596740723
9.319305419921875,101,1756077,0.10731983184814453
9.312761306762695,102,1773772,0.1071465015411377
9.307243347167969,103,1791566,0.10712075233459473
9.301482200622559,104,1808601,0.10721468925476074
9.295600891113281,105,1827616,0.10731196403503418
9.293009757995605,106,1845201,0.10720443725585938
9.287640571594238,107,1863589,0.1073143482208252
9.285365104675293,108,1880855,0.10704851150512695
9.280412673950195,109,1897857,0.1069481372833252
9.2694730758667,110,1915805,0.05753779411315918
9.2642183303833,111,1933544,0.10739779472351074
9.262381553649902,112,1951129,0.10726380348205566
9.256709098815918,113,1969352,0.10908389091491699
9.25145149230957,114,1987047,0.10722994804382324
9.248769760131836,115,2005006,0.10722780227661133
9.23971939086914,116,2023229,0.10749173164367676
9.236407279968262,117,2040737,0.10742425918579102
9.230220794677734,118,2058520,0.10697436332702637
9.223644256591797,119,2075962,0.10687565803527832
9.21882438659668,120,2093723,0.10758376121520996
9.214656829833984,121,2111154,0.10687518119812012
9.207608222961426,122,2128343,0.10702848434448242
9.200504302978516,123,2146610,0.10695028305053711
9.194253921508789,124,2164635,0.10708475112915039
9.192330360412598,125,2173764,0.08403944969177246
9.1810941696167,126,2191492,0.10811281204223633
9.179145812988281,127,2210177,0.10707259178161621
9.167617797851562,128,2227817,0.10691547393798828
9.165556907653809,129,2245875,0.10715818405151367
9.159528732299805,130,2264549,0.10728836059570312
9.153306007385254,131,2282629,0.10715246200561523
9.151768684387207,132,2300214,0.10694766044616699
9.139918327331543,133,2318371,0.10698509216308594
9.137469291687012,134,2335428,0.10723662376403809
9.13090705871582,135,2353288,0.10738873481750488
9.121366500854492,136,2371115,0.10734724998474121
9.115513801574707,137,2388425,0.10672855377197266
9.107441902160645,138,2406131,0.10693097114562988
9.103078842163086,139,2423826,0.10698390007019043
9.093467712402344,140,2441532,0.1076197624206543
9.091044425964355,141,2458996,0.057248830795288086
9.080164909362793,142,2477219,0.10728621482849121
9.075714111328125,143,2495079,0.10739850997924805
9.069599151611328,144,2512620,0.10748600959777832
9.062939643859863,145,2530942,0.10756397247314453
9.061056137084961,146,2548835,0.10745549201965332
9.0531587600708,147,2567047,0.10743594169616699
9.044427871704102,148,2584456,0.10724663734436035
9.034483909606934,149,2602602,0.10744500160217285
9.032264709472656,150,2620517,0.10828351974487305
9.023019790649414,151,2638102,0.1066741943359375
9.012567520141602,152,2656193,0.1073763370513916
9.002771377563477,153,2674306,0.10738444328308105
9.004738807678223,154,2691781,0.10731148719787598
8.995361328125,155,2710290,0.10738730430603027
8.986534118652344,156,2719408,0.08395075798034668
8.980223655700684,157,2737158,0.10767221450805664
8.975147247314453,158,2755183,0.10708785057067871
8.970718383789062,159,2772999,0.10702896118164062
8.958292007446289,160,2791321,0.1072392463684082
8.951373100280762,161,2808686,0.10706043243408203
8.946966171264648,162,2826249,0.10718727111816406
8.936630249023438,163,2844571,0.10747051239013672
8.930240631103516,164,2862244,0.10809636116027832
8.919480323791504,165,2880313,0.10729312896728516
8.919303894042969,166,2897799,0.10757279396057129
8.9091215133667,167,2915703,0.1074826717376709
8.90269947052002,168,2933607,0.10712432861328125
8.888317108154297,169,2951511,0.10712075233459473
8.883639335632324,170,2969646,0.10741686820983887
8.879219055175781,171,2987704,0.10719108581542969
8.869123458862305,172,3005927,0.05749344825744629
8.86020565032959,173,3023699,0.10728788375854492
8.857207298278809,174,3041438,0.10723114013671875
8.840672492980957,175,3058770,0.10743927955627441
8.84123420715332,176,3076146,0.10786104202270508
8.839648246765137,177,3093368,0.1074361801147461
8.818607330322266,178,3111415,0.10724329948425293
8.814574241638184,179,3129649,0.10752439498901367
8.806032180786133,180,3147597,0.10745453834533691
8.795512199401855,181,3165490,0.1072533130645752
8.788226127624512,182,3183009,0.10742592811584473
8.782989501953125,183,3201276,0.10696244239807129
8.771519660949707,184,3218289,0.10708785057067871
8.765442848205566,185,3235709,0.10779690742492676
8.759113311767578,186,3253954,0.10728597640991211
8.747794151306152,187,3263149,0.08420395851135254
8.739354133605957,188,3280558,0.10778307914733887
8.736438751220703,189,3298396,0.10712933540344238
8.731666564941406,190,3315882,0.10712218284606934
8.715897560119629,191,3333423,0.10744762420654297
8.705636978149414,192,3351481,0.10822725296020508
8.695731163024902,193,3369704,0.1074209213256836
8.690789222717285,194,3386893,0.10744118690490723
8.68304443359375,195,3404797,0.10732030868530273
8.669889450073242,196,3422701,0.107452392578125
8.666314125061035,197,3440440,0.10728287696838379
8.659382820129395,198,3457915,0.10718083381652832
8.647929191589355,199,3475621,0.10716700553894043
8.643636703491211,200,3493294,0.10749530792236328
8.636526107788086,201,3511275,0.10702347755432129
8.626839637756348,202,3528948,0.10701465606689453
8.62175464630127,203,3546258,0.057260990142822266
8.602272033691406,204,3564668,0.10736536979675293
8.605412483215332,205,3582715,0.10759162902832031
8.592667579650879,206,3600267,0.10711026191711426
8.588761329650879,207,3618105,0.10707926750183105
8.580010414123535,208,3636251,0.10735654830932617
8.56319808959961,209,3654001,0.10742402076721191
8.554882049560547,210,3671278,0.10740137100219727
8.54873275756836,211,3689567,0.10736799240112305
8.536026000976562,212,3707680,0.10764026641845703
8.526094436645508,213,3725958,0.10663866996765137
8.522253036499023,214,3743488,0.10724616050720215
8.52263069152832,215,3761161,0.10725522041320801
8.5073881149292,216,3779043,0.10711026191711426
8.50277328491211,217,3796991,0.10720324516296387
8.488421440124512,218,3805900,0.08382844924926758
8.482576370239258,219,3823771,0.13149023056030273
8.470178604125977,220,3841554,0.11578941345214844
8.468454360961914,221,3859029,0.11032557487487793
8.456988334655762,222,3876911,0.11054444313049316
8.449766159057617,223,3894837,0.10988712310791016
8.428876876831055,224,3912972,0.10902619361877441
8.428279876708984,225,3931162,0.10788917541503906
8.416177749633789,226,3948604,0.10787057876586914
8.418334007263184,227,3966035,0.10698151588439941
8.40277099609375,228,3983169,0.10853385925292969
8.400754928588867,229,4001557,0.10745477676391602
8.386993408203125,230,4019516,0.10678935050964355
8.377156257629395,231,4037695,0.10763025283813477
8.364470481872559,232,4055819,0.10775446891784668
8.359541893005371,233,4073734,0.10738992691040039
8.349748611450195,234,4091044,0.0577085018157959
8.340520858764648,235,4108596,0.10788512229919434
8.332785606384277,236,4126940,0.10785508155822754
8.32649040222168,237,4144140,0.10747790336608887
8.315473556518555,238,4161681,0.10666155815124512
8.30432415008545,239,4179783,0.10731863975524902
8.297003746032715,240,4197852,0.10735154151916504
8.299233436584473,241,4215371,0.10741162300109863
8.287689208984375,242,4233924,0.10763168334960938
8.283846855163574,243,4251223,0.1067349910736084
8.273895263671875,244,4268632,0.10746383666992188
8.261367797851562,245,4285843,0.10674500465393066
8.248652458190918,246,4303956,0.1080482006072998
8.240402221679688,247,4321684,0.10730981826782227
8.23613166809082,248,4339731,0.10715770721435547
8.222907066345215,249,4348849,0.08406305313110352
8.208883285522461,250,4366753,0.10837578773498535
8.204026222229004,251,4384613,0.10730838775634766
8.196627616882324,252,4402088,0.10725164413452148
8.201373100280762,253,4419695,0.10733604431152344
8.19463062286377,254,4437170,0.10729789733886719
8.171735763549805,255,4454744,0.10719943046569824
8.168404579162598,256,4472494,0.10721802711486816
8.15977954864502,257,4490002,0.10746049880981445
8.143263816833496,258,4508445,0.10732841491699219
8.135163307189941,259,4526030,0.10713744163513184
8.141328811645508,260,4543527,0.10735774040222168
8.118993759155273,261,4561816,0.1075592041015625
8.119830131530762,262,4580204,0.10735440254211426
8.112648963928223,263,4598196,0.1075294017791748
8.101611137390137,264,4615968,0.10725641250610352
8.101547241210938,265,4632904,0.05751538276672363
8.09521198272705,266,4651468,0.10774540901184082
8.080628395080566,267,4668877,0.10674715042114258
8.061659812927246,268,4686594,0.10695457458496094
8.060833930969238,269,4704850,0.10720372200012207
8.053399085998535,270,4722369,0.10726690292358398
8.03908634185791,271,4740152,0.10728907585144043
8.040631294250488,272,4758144,0.10717129707336426
8.033528327941895,273,4775905,0.1072537899017334
8.021303176879883,274,4793941,0.10725784301757812
8.015714645385742,275,4811537,0.10732007026672363
8.018118858337402,276,4829265,0.10733199119567871
8.000815391540527,277,4846718,0.1072232723236084
7.98862886428833,278,4864105,0.10738897323608398
7.975897789001465,279,4882350,0.10724568367004395
7.973993301391602,280,4891765,0.08404850959777832
7.96479606628418,281,4908965,0.10819339752197266
7.955438137054443,282,4927210,0.10739803314208984
7.948829650878906,283,4944289,0.10754847526550293
7.945157051086426,284,4962578,0.10729289054870605
7.9462175369262695,285,4980328,0.10721683502197266
7.936203479766846,286,4997924,0.10724759101867676
7.91883659362793,287,5015366,0.10730624198913574
7.911506652832031,288,5033149,0.1072394847869873
7.903280735015869,289,5051020,0.10759449005126953
7.889315605163574,290,5068528,0.10693788528442383
7.880426406860352,291,5086597,0.10736894607543945
7.8936991691589355,292,5104402,0.10717964172363281
7.877103328704834,293,5121701,0.10811591148376465
7.865158557891846,294,5139374,0.10769987106323242
7.861337184906006,295,5156783,0.10719799995422363
7.853023529052734,296,5174577,0.05743980407714844
7.8463945388793945,297,5192558,0.1075434684753418
7.842709064483643,298,5209934,0.10721635818481445
7.827363967895508,299,5226738,0.10770606994628906
7.825771331787109,300,5244708,0.10716533660888672
7.815317153930664,301,5262821,0.10741972923278809
7.806554794311523,302,5280670,0.10722517967224121
7.798434734344482,303,5298288,0.10759878158569336
7.792906761169434,304,5316434,0.10743427276611328
7.785367012023926,305,5334151,0.10743832588195801
7.786544322967529,306,5352187,0.10750937461853027
7.7834014892578125,307,5369794,0.10732626914978027
7.754580497741699,308,5387830,0.10734152793884277
7.762049674987793,309,5406108,0.10772085189819336
7.756636619567871,310,5423627,0.1076512336730957
7.73983097076416,311,5432184,0.08416938781738281
7.752821445465088,312,5450253,0.10834836959838867
7.740126609802246,313,5467299,0.10742354393005371
7.731231689453125,314,5485511,0.10730314254760742
7.715997695922852,315,5503415,0.10738372802734375
7.722570896148682,316,5521077,0.10748410224914551
7.70094633102417,317,5538277,0.10747408866882324
7.697525978088379,318,5556676,0.10757613182067871
7.695697784423828,319,5574712,0.10722017288208008
7.691483497619629,320,5592451,0.10743045806884766
7.682839393615723,321,5609684,0.10813403129577637
7.685737609863281,322,5628226,0.10770964622497559
7.662506103515625,323,5645404,0.10737109184265137
7.667281627655029,324,5662769,0.10781431198120117
7.65587043762207,325,5680519,0.10719895362854004
7.652804851531982,326,5697950,0.10723996162414551
7.639982223510742,327,5715370,0.05732583999633789
7.624204158782959,328,5732933,0.10751080513000488
7.636375904083252,329,5750815,0.10708785057067871
7.619157791137695,330,5768180,0.10726571083068848
7.612257480621338,331,5786172,0.10746407508850098
7.605247497558594,332,5803823,0.10709404945373535
7.600255966186523,333,5821562,0.10720491409301758
7.601119518280029,334,5839213,0.1072998046875
7.583554744720459,335,5857095,0.1073610782623291
7.579606533050537,336,5874790,0.10751485824584961
7.575240135192871,337,5892738,0.1075742244720459
7.563165187835693,338,5910433,0.10748744010925293
7.5592217445373535,339,5928172,0.10730385780334473
7.553623199462891,340,5945438,0.10686302185058594
7.5493621826171875,341,5963716,0.10752654075622559
7.547047138214111,342,5972119,0.08402228355407715
7.537816524505615,343,5990298,0.10811543464660645
7.532201290130615,344,6008213,0.10726022720336914
7.527220249176025,345,6026348,0.10723090171813965
7.5297112464904785,346,6044197,0.1071934700012207
7.519766330718994,347,6062057,0.1073756217956543
7.520551681518555,348,6079488,0.10709500312805176
7.502504825592041,349,6097293,0.10769796371459961
7.510675430297852,350,6114768,0.10719704627990723
7.490279674530029,351,6132661,0.10744619369506836
7.480462551116943,352,6150521,0.10725045204162598
7.500851154327393,353,6168040,0.10735917091369629
7.47946834564209,354,6186494,0.10720467567443848
7.459313869476318,355,6204464,0.10750937461853027
7.465989112854004,356,6222742,0.10773372650146484
