9.540570259094238,2,17639,0.4756615161895752
9.541502952575684,3,35598,0.10792279243469238
9.536736488342285,4,53293,0.13373970985412598
9.540534973144531,5,71065,0.10903024673461914
9.536707878112793,6,88606,0.10842704772949219
9.53812026977539,7,106576,0.1085205078125
9.538947105407715,8,124469,0.10845232009887695
9.540862083435059,9,142329,0.10851454734802246
9.540534019470215,10,160112,0.1081242561340332
9.541267395019531,11,177598,0.10832023620605469
9.538358688354492,12,194754,0.10880112648010254
9.53681468963623,13,212493,0.10870504379272461
9.53731918334961,14,230001,0.1084280014038086
9.533004760742188,15,247938,0.10863447189331055
9.535761833190918,16,266249,0.10848784446716309
9.535110473632812,17,284450,0.05792832374572754
9.530694961547852,18,301716,0.1083226203918457
9.533342361450195,19,319268,0.10820436477661133
9.53115177154541,20,336963,0.10811901092529297
9.528263092041016,21,355109,0.10834121704101562
9.5307035446167,22,372760,0.10768628120422363
9.528362274169922,23,390356,0.10829687118530273
9.52512264251709,24,408150,0.10856413841247559
9.526067733764648,25,426505,0.1082451343536377
9.52285099029541,26,445113,0.10772275924682617
9.522418022155762,27,462984,0.10843491554260254
9.52038860321045,28,480239,0.10829782485961914
9.522278785705566,29,498297,0.10830855369567871
9.51819896697998,30,516476,0.10839676856994629
9.516469955444336,31,534347,0.10861086845397949
9.511585235595703,32,543366,0.08564019203186035
9.515028953552246,33,561479,0.10943222045898438
9.510188102722168,34,579834,0.1085517406463623
9.50622272491455,35,598673,0.1084296703338623
9.509702682495117,36,615708,0.10805583000183105
9.50382137298584,37,633733,0.10843539237976074
9.499524116516113,38,651351,0.1082601547241211
9.499820709228516,39,669123,0.10912036895751953
9.495349884033203,40,686785,0.1081688404083252
9.492405891418457,41,704161,0.1084299087524414
9.494894027709961,42,722285,0.10837674140930176
9.49258041381836,43,740409,0.10800981521606445
9.485749244689941,44,757521,0.1085062026977539
9.487279891967773,45,774908,0.1081228256225586
9.483728408813477,46,792559,0.10798978805541992
9.481609344482422,47,810463,0.1095726490020752
9.476956367492676,48,828312,0.05834770202636719
9.475946426391602,49,845655,0.10845947265625
9.474030494689941,50,862756,0.1087181568145752
9.4686861038208,51,880440,0.10819411277770996
9.466564178466797,52,897662,0.10833621025085449
9.465167999267578,53,915456,0.10862040519714355
9.460831642150879,54,933965,0.11115646362304688
9.459538459777832,55,950901,0.1085054874420166
9.453500747680664,56,968794,0.1080772876739502
9.45020866394043,57,986962,0.1088109016418457
9.446293830871582,58,1005196,0.10870051383972168
9.444194793701172,59,1022924,0.10807657241821289
9.440997123718262,60,1040333,0.10836458206176758
9.435159683227539,61,1058226,0.10835886001586914
9.430900573730469,62,1075800,0.10813021659851074
9.433444023132324,63,1084687,0.08680009841918945
9.427783012390137,64,1102833,0.11245942115783691
9.422796249389648,65,1120407,0.11014103889465332
9.415728569030762,66,1138498,0.10921764373779297
9.413849830627441,67,1156655,0.1087961196899414
9.412759780883789,68,1174471,0.10855913162231445
9.405254364013672,69,1192540,0.10858964920043945
9.398163795471191,70,1210059,0.10802817344665527
9.398024559020996,71,1227545,0.1093130111694336
9.394082069396973,72,1245482,0.10836529731750488
9.391982078552246,73,1263056,0.10747957229614258
9.385857582092285,74,1280751,0.1111304759979248
9.380258560180664,75,1299139,0.10774588584899902
9.37426471710205,76,1317065,0.10767793655395508
9.370664596557617,77,1334870,0.10765814781188965
9.367545127868652,78,1353005,0.10772037506103516
9.362610816955566,79,1370590,0.05789589881896973
9.3585786819458,80,1388131,0.10782742500305176
9.354056358337402,81,1405606,0.10750365257263184
9.348697662353516,82,1422839,0.10845422744750977
9.34026050567627,83,1441227,0.10808706283569336
9.33856201171875,84,1459142,0.10761404037475586
9.333358764648438,85,1477288,0.10739779472351074
9.32829475402832,86,1495269,0.10755658149719238
9.322610855102539,87,1513635,0.10754227638244629
9.316910743713379,88,1531209,0.10752677917480469
9.308777809143066,89,1549036,0.10762596130371094
9.309462547302246,90,1566940,0.10764646530151367
9.302360534667969,91,1584503,0.10768699645996094
9.296849250793457,92,1603232,0.10776090621948242
9.293123245239258,93,1621312,0.10832905769348145
9.28356647491455,94,1629880,0.08455324172973633
9.280919075012207,95,1647443,0.1087181568145752
9.27189826965332,96,1665699,0.10785412788391113
9.268514633178711,97,1683845,0.10803818702697754
9.260594367980957,98,1701881,0.10762453079223633
9.25578498840332,99,1718905,0.10763740539550781
9.250602722167969,100,1736600,0.1074366569519043
9.246532440185547,101,1753811,0.10761785507202148
9.240166664123535,102,1770791,0.1073923110961914
9.23728084564209,103,1788959,0.10767173767089844
9.221923828125,104,1806368,0.1076517105102539
9.216257095336914,105,1824250,0.10833454132080078
9.21314811706543,106,1842858,0.10753607749938965
9.205527305603027,107,1860410,0.10750770568847656
9.196548461914062,108,1878325,0.10764360427856445
9.195087432861328,109,1896108,0.10763740539550781
9.18215560913086,110,1913660,0.05770587921142578
9.184942245483398,111,1931113,0.10768270492553711
9.178536415100098,112,1948643,0.10763049125671387
9.169387817382812,113,1966536,0.10753631591796875
9.162611961364746,114,1984407,0.10747766494750977
9.15919303894043,115,2002278,0.10794997215270996
9.148296356201172,116,2020193,0.10762572288513184
9.144613265991211,117,2037833,0.1076207160949707
9.137968063354492,118,2055957,0.10780167579650879
9.12682819366455,119,2073388,0.10791468620300293
9.118346214294434,120,2091325,0.10750794410705566
9.117986679077148,121,2109174,0.10753655433654785
9.103654861450195,122,2127342,0.10758042335510254
9.101766586303711,123,2144377,0.10767745971679688
9.093544960021973,124,2162303,0.10821938514709473
9.079743385314941,125,2171289,0.08448171615600586
9.083828926086426,126,2188841,0.1084434986114502
9.071863174438477,127,2206327,0.10780048370361328
9.061317443847656,128,2225364,0.10765337944030762
9.060080528259277,129,2242971,0.10765600204467773
9.048645973205566,130,2261524,0.10772562026977539
9.039786338806152,131,2278713,0.1076810359954834
9.029983520507812,132,2296320,0.10703587532043457
9.02576732635498,133,2314301,0.10759091377258301
9.019379615783691,134,2331820,0.10777950286865234
9.01616096496582,135,2349944,0.10758185386657715
9.004446983337402,136,2367100,0.10861325263977051
8.994879722595215,137,2385103,0.10788941383361816
8.987065315246582,138,2402237,0.10742354393005371
8.973271369934082,139,2419943,0.10755777359008789
8.971136093139648,140,2437836,0.10793638229370117
8.959606170654297,141,2455751,0.05772876739501953
8.951111793518066,142,2473743,0.10765886306762695
8.949283599853516,143,2491603,0.10858011245727539
8.939555168151855,144,2509617,0.10785031318664551
8.927444458007812,145,2526949,0.10738539695739746
8.920621871948242,146,2544490,0.10748767852783203
8.912909507751465,147,2563362,0.10748171806335449
8.905675888061523,148,2581035,0.10783839225769043
8.900528907775879,149,2598444,0.10769462585449219
8.887624740600586,150,2616238,0.10757994651794434
8.879944801330566,151,2634362,0.1078042984008789
8.870285034179688,152,2652189,0.10768580436706543
8.86157512664795,153,2669686,0.1078033447265625
8.85637378692627,154,2687601,0.10768890380859375
8.84791374206543,155,2705197,0.10756349563598633
8.847803115844727,156,2714238,0.08438897132873535
8.831382751464844,157,2731999,0.10842752456665039
8.817317962646484,158,2749958,0.10781455039978027
8.812115669250488,159,2767532,0.10760116577148438
8.807979583740234,160,2785205,0.1075434684753418
8.79684066772461,161,2802779,0.10771775245666504
8.785005569458008,162,2820342,0.10755658149719238
8.773555755615234,163,2838840,0.10753679275512695
8.768301010131836,164,2856062,0.1075136661529541
8.762249946594238,165,2874560,0.10805940628051758
8.751293182373047,166,2891804,0.10751581192016602
8.74034595489502,167,2909851,0.10768413543701172
8.731440544128418,168,2926600,0.10860419273376465
8.727914810180664,169,2943899,0.1078345775604248
8.715758323669434,170,2961605,0.10747623443603516
8.710506439208984,171,2979036,0.10755753517150879
8.70368766784668,172,2996566,0.05796551704406738
8.690237045288086,173,3014085,0.10807299613952637
8.679430961608887,174,3032330,0.10779714584350586
8.676067352294922,175,3050652,0.10763692855834961
8.652894973754883,176,3068380,0.11063241958618164
8.655095100402832,177,3086130,0.11078619956970215
8.650460243225098,178,3103891,0.11083364486694336
8.638691902160645,179,3121784,0.11091208457946777
8.624844551086426,180,3139919,0.11092758178710938
8.61889934539795,181,3158098,0.11073946952819824
8.62035846710205,182,3175914,0.11126160621643066
8.593411445617676,183,3193532,0.11118364334106445
8.586023330688477,184,3211678,0.11092042922973633
8.579486846923828,185,3229296,0.1107172966003418
8.574809074401855,186,3246760,0.11124706268310547
8.5621337890625,187,3255240,0.08759307861328125
8.556567192077637,188,3273188,0.11183786392211914
8.549050331115723,189,3290905,0.11163878440856934
8.535350799560547,190,3309084,0.11105108261108398
8.521700859069824,191,3326691,0.11081337928771973
8.515000343322754,192,3344199,0.11074113845825195
8.499671936035156,193,3361784,0.11087512969970703
8.494444847106934,194,3379457,0.11072111129760742
8.48937702178955,195,3396976,0.11066412925720215
8.473386764526367,196,3414957,0.11018610000610352
8.467757225036621,197,3433290,0.11091470718383789
8.466506004333496,198,3450919,0.11077690124511719
8.457242965698242,199,3468768,0.11079716682434082
8.437231063842773,200,3486485,0.11082601547241211
8.42824649810791,201,3503993,0.11074471473693848
8.421451568603516,202,3521424,0.11068224906921387
8.416738510131836,203,3538811,0.06060051918029785
8.40073013305664,204,3556517,0.11115860939025879
8.399616241455078,205,3574586,0.11069345474243164
8.383210182189941,206,3592413,0.11066126823425293
8.37839412689209,207,3610295,0.11078190803527832
8.363790512084961,208,3627451,0.11082196235656738
8.352706909179688,209,3645047,0.11086750030517578
8.342463493347168,210,3663215,0.11088871955871582
8.32949161529541,211,3681152,0.11084342002868652
8.324889183044434,212,3699188,0.1108391284942627
8.32151985168457,213,3716707,0.11081647872924805
8.30932331085205,214,3734336,0.11069035530090332
8.293684959411621,215,3751910,0.11091947555541992
8.284950256347656,216,3769198,0.11085319519042969
8.278794288635254,217,3786816,0.11107349395751953
8.267535209655762,218,3795208,0.08777475357055664
8.261877059936523,219,3813343,0.11784529685974121
8.250456809997559,220,3831313,0.11400914192199707
8.2407808303833,221,3849635,0.11219954490661621
8.238505363464355,222,3867385,0.10855412483215332
8.221370697021484,223,3885047,0.10788416862487793
8.211525917053223,224,3902621,0.10789275169372559
8.2089204788208,225,3920173,0.10870838165283203
8.193014144897461,226,3937659,0.10833239555358887
8.179760932922363,227,3955035,0.10800838470458984
8.182976722717285,228,3972994,0.10788655281066895
8.17612361907959,229,3990766,0.10796236991882324
8.162030220031738,230,4008989,0.107940673828125
8.14523983001709,231,4027278,0.1079714298248291
8.139107704162598,232,4045490,0.10769343376159668
8.135781288146973,233,4063042,0.10840344429016113
8.123429298400879,234,4080737,0.0582270622253418
8.116127967834473,235,4098201,0.1079413890838623
8.117098808288574,236,4115874,0.10857319831848145
8.098804473876953,237,4133800,0.10822391510009766
8.092275619506836,238,4151407,0.10803771018981934
8.077285766601562,239,4169289,0.10860061645507812
8.074935913085938,240,4187644,0.10871672630310059
8.055148124694824,241,4205559,0.10804867744445801
8.040409088134766,242,4223188,0.1080169677734375
8.038578987121582,243,4241114,0.10837483406066895
8.043262481689453,244,4259205,0.10888314247131348
8.021334648132324,245,4275954,0.10799479484558105
8.014623641967773,246,4294034,0.10859489440917969
7.997478008270264,247,4311949,0.10824108123779297
7.998565673828125,248,4329721,0.10901689529418945
7.9892897605896,249,4338619,0.08592343330383301
7.982971668243408,250,4356567,0.10884475708007812
7.9611921310424805,251,4373745,0.10780477523803711
7.96498966217041,252,4391550,0.10825085639953613
7.942079067230225,253,4409597,0.10809826850891113
7.948464393615723,254,4427446,0.10857677459716797
7.923219680786133,255,4445482,0.10828590393066406
7.927589416503906,256,4464343,0.10795164108276367
7.9115681648254395,257,4482181,0.10957980155944824
7.904806137084961,258,4500129,0.10879635810852051
7.894388675689697,259,4518286,0.10805773735046387
7.892508029937744,260,4535574,0.10792708396911621
7.879909992218018,261,4553082,0.10842275619506836
7.859055042266846,262,4570854,0.10813474655151367
7.8680925369262695,263,4588186,0.1088709831237793
7.8555474281311035,264,4605540,0.1091775894165039
7.8398871421813965,265,4623884,0.058351993560791016
7.8312458992004395,266,4641920,0.1080935001373291
7.817449569702148,267,4659824,0.1082298755645752
7.828537940979004,268,4677970,0.10841560363769531
7.804678916931152,269,4696061,0.1078939437866211
7.787729263305664,270,4713382,0.10818600654602051
7.7970709800720215,271,4731440,0.10914111137390137
7.790355205535889,272,4749740,0.10834884643554688
7.7759575843811035,273,4767611,0.10937094688415527
7.765584468841553,274,4784888,0.10741233825683594
7.754940509796143,275,4802781,0.10835814476013184
7.74391508102417,276,4820927,0.10805177688598633
7.740965366363525,277,4838974,0.10793614387512207
7.736597061157227,278,4856328,0.10802698135375977
7.733043193817139,279,4874100,0.10900998115539551
7.711363792419434,280,4882811,0.08547735214233398
7.706993103027344,281,4900132,0.10868692398071289
7.708159446716309,282,4918036,0.10813117027282715
7.6827850341796875,283,4936633,0.10828256607055664
7.688344478607178,284,4954229,0.10804057121276855
7.688797473907471,285,4971726,0.10793924331665039
7.6694440841674805,286,4989322,0.10837292671203613
7.663130283355713,287,5007248,0.1081387996673584
7.643540859222412,288,5025570,0.10793399810791016
7.652690887451172,289,5043056,0.1080172061920166
7.63820743560791,290,5061499,0.10945296287536621
7.6207098960876465,291,5079425,0.10797357559204102
7.627935886383057,292,5097098,0.10785794258117676
7.628243446350098,293,5114694,0.10803699493408203
7.612600326538086,294,5131949,0.10789179801940918
7.600184917449951,295,5150029,0.10799908638000488
7.576683044433594,296,5168230,0.058086395263671875
7.589437961578369,297,5185903,0.10938692092895508
7.56288480758667,298,5203928,0.10801506042480469
7.559035778045654,299,5222250,0.10799145698547363
7.559819221496582,300,5240099,0.10797643661499023
7.5602192878723145,301,5257827,0.10828709602355957
7.547242164611816,302,5275170,0.10803937911987305
7.527815818786621,303,5292920,0.1083211898803711
7.5297112464904785,304,5310758,0.1081397533416748
7.511651992797852,305,5328090,0.10815048217773438
7.505331516265869,306,5345873,0.10811901092529297
7.508242607116699,307,5363898,0.1084434986114502
7.503732681274414,308,5381846,0.10984945297241211
7.4940361976623535,309,5399783,0.10857415199279785
7.481488227844238,310,5417368,0.10892772674560547
7.468075752258301,311,5426211,0.08521795272827148
7.483429908752441,312,5444148,0.10893440246582031
7.453764915466309,313,5460985,0.10837078094482422
7.448740482330322,314,5478834,0.10851597785949707
7.454816818237305,315,5497002,0.10804319381713867
7.4486613273620605,316,5514829,0.10895013809204102
7.431371688842773,317,5532271,0.10921311378479004
7.411597728729248,318,5550714,0.10831069946289062
7.426281929016113,319,5568222,0.10802602767944336
7.414919376373291,320,5586346,0.10816478729248047
7.404849529266357,321,5603854,0.10815310478210449
7.396934986114502,322,5622264,0.1081240177154541
7.383350849151611,323,5640366,0.1080021858215332
7.38762092590332,324,5657808,0.1080629825592041
7.390777587890625,325,5675338,0.10849475860595703
7.3628435134887695,326,5693330,0.1080007553100586
7.366384506225586,327,5710530,0.057859182357788086
7.358511924743652,328,5729094,0.10845065116882324
7.345478057861328,329,5746921,0.10852956771850586
7.346761703491211,330,5764286,0.10843539237976074
7.331796169281006,331,5781937,0.1080772876739502
7.336222171783447,332,5800259,0.10809779167175293
7.334414005279541,333,5817976,0.10754513740539551
7.317038536071777,334,5836067,0.10794782638549805
7.306071758270264,335,5853476,0.10797500610351562
7.293027400970459,336,5870599,0.10813760757446289
7.289163589477539,337,5888745,0.1079566478729248
7.286640167236328,338,5906627,0.10876607894897461
7.277817249298096,339,5924333,0.10804009437561035
7.285854339599609,340,5942028,0.10782623291015625
7.2685956954956055,341,5959976,0.10790872573852539
7.258363723754883,342,5968533,0.08484077453613281
7.25258207321167,343,5986008,0.10868287086486816
7.247267723083496,344,6003505,0.10833215713500977
