9.64797306060791,2,18233,0.47725582122802734
9.647547721862793,3,35675,0.11487388610839844
9.64856243133545,4,53975,0.13489508628845215
9.648388862609863,5,72143,0.11182808876037598
9.648917198181152,6,90157,0.10918784141540527
9.646968841552734,7,108545,0.10849952697753906
9.644564628601074,8,125250,0.1086580753326416
9.648606300354004,9,143099,0.10869812965393066
9.645552635192871,10,160904,0.10888457298278809
9.646799087524414,11,179193,0.10886549949645996
9.646316528320312,12,197482,0.10845422744750977
9.64494514465332,13,215023,0.108489990234375
9.64488410949707,14,233004,0.10834884643554688
9.641939163208008,15,250369,0.10849738121032715
9.641087532043457,16,268097,0.10892558097839355
9.642807006835938,17,286386,0.058205366134643555
9.643528938293457,18,304180,0.10855555534362793
9.642823219299316,19,322557,0.1080787181854248
9.637516021728516,20,340219,0.10849571228027344
9.641737937927246,21,358288,0.10841012001037598
9.635812759399414,22,376159,0.10832881927490234
9.636151313781738,23,394063,0.10844993591308594
9.63632869720459,24,411956,0.10872721672058105
9.63155460357666,25,429629,0.10873746871948242
9.635908126831055,26,447808,0.10819602012634277
9.631560325622559,27,465063,0.10837602615356445
9.631587982177734,28,483033,0.1091160774230957
9.627008438110352,29,501102,0.10856437683105469
9.626882553100586,30,519050,0.10839653015136719
9.623814582824707,31,536712,0.10829591751098633
9.623076438903809,32,545489,0.08533191680908203
9.622625350952148,33,563382,0.10951685905456543
9.619751930236816,34,580747,0.10876870155334473
9.617894172668457,35,599267,0.1088099479675293
9.614697456359863,36,617006,0.10810327529907227
9.615221977233887,37,634833,0.10845255851745605
9.6127347946167,38,652990,0.1079857349395752
9.610982894897461,39,671169,0.10872888565063477
9.606927871704102,40,689491,0.10849523544311523
9.605400085449219,41,707846,0.10796380043029785
9.60470962524414,42,725486,0.1077113151550293
9.601883888244629,43,742587,0.10808372497558594
9.598125457763672,44,759974,0.10807085037231445
9.59702205657959,45,778109,0.1092984676361084
9.595756530761719,46,795551,0.10789728164672852
9.590381622314453,47,813620,0.10845088958740234
9.589876174926758,48,831491,0.05873870849609375
9.584623336791992,49,849197,0.10879898071289062
9.585813522338867,50,866386,0.10836577415466309
9.581963539123535,51,884224,0.10807657241821289
9.577625274658203,52,902183,0.10801887512207031
9.57374382019043,53,920175,0.10837244987487793
9.57044506072998,54,937870,0.10956811904907227
9.572063446044922,55,955400,0.10913491249084473
9.569489479064941,56,973733,0.10806822776794434
9.563729286193848,57,992253,0.10818099975585938
9.561429023742676,58,1009904,0.10846805572509766
9.556584358215332,59,1027918,0.10780763626098633
9.553592681884766,60,1046196,0.10804986953735352
9.55042552947998,61,1064111,0.10861945152282715
9.550670623779297,62,1081971,0.10806870460510254
9.545684814453125,63,1090517,0.08493351936340332
9.544097900390625,64,1108278,0.10904240608215332
9.537114143371582,65,1126325,0.11026597023010254
9.533905982971191,66,1144240,0.10999369621276855
9.53361988067627,67,1161902,0.10908293724060059
9.526034355163574,68,1179663,0.10828924179077148
9.521370887756348,69,1197468,0.10804438591003418
9.519015312194824,70,1215790,0.10814690589904785
9.515090942382812,71,1232990,0.10842061042785645
9.509976387023926,72,1250707,0.10898661613464355
9.507613182067871,73,1268160,0.10769104957580566
9.504773139953613,74,1286031,0.10755467414855957
9.498966217041016,75,1303473,0.10752582550048828
9.496007919311523,76,1321256,0.10742688179016113
9.48952579498291,77,1339677,0.10797905921936035
9.486920356750488,78,1357713,0.10745644569396973
9.481185913085938,79,1375716,0.058701276779174805
9.477478981018066,80,1393301,0.10808229446411133
9.47452449798584,81,1410919,0.10756564140319824
9.466927528381348,82,1428130,0.10744261741638184
9.465097427368164,83,1445946,0.10776805877685547
9.458616256713867,84,1463322,0.10751724243164062
9.452634811401367,85,1481413,0.10762977600097656
9.451465606689453,86,1498877,0.10746526718139648
9.44390869140625,87,1516319,0.11058902740478516
9.44176959991455,88,1534454,0.11106538772583008
9.430996894836426,89,1552556,0.1106874942779541
9.431671142578125,90,1570548,0.11179041862487793
9.424720764160156,91,1587781,0.11059832572937012
9.422208786010742,92,1605410,0.11078405380249023
9.417168617248535,93,1623248,0.11063265800476074
9.410175323486328,94,1631849,0.08772563934326172
9.4052095413208,95,1650347,0.11217832565307617
9.398343086242676,96,1668218,0.11061620712280273
9.394356727600098,97,1685517,0.11119914054870605
9.389383316040039,98,1703619,0.11089611053466797
9.382254600524902,99,1721061,0.11101222038269043
9.377360343933105,100,1738866,0.11105895042419434
9.37243366241455,101,1756638,0.10921001434326172
9.367899894714355,102,1774630,0.10750627517700195
9.362220764160156,103,1792490,0.10749006271362305
9.354562759399414,104,1810570,0.10853004455566406
9.349245071411133,105,1828606,0.10753202438354492
9.342942237854004,106,1846928,0.10764932632446289
9.335870742797852,107,1864854,0.10769295692443848
9.330254554748535,108,1883121,0.10785746574401855
9.326762199401855,109,1900904,0.10812163352966309
9.317802429199219,110,1918731,0.05817389488220215
9.313301086425781,111,1936613,0.10926532745361328
9.30698013305664,112,1954528,0.10796380043029785
9.304069519042969,113,1971849,0.10765552520751953
9.293323516845703,114,1989676,0.10740494728088379
9.288252830505371,115,2007888,0.10789227485656738
9.282164573669434,116,2025869,0.10862588882446289
9.277478218078613,117,2043960,0.10746502876281738
9.269705772399902,118,2061523,0.10765337944030762
9.26293659210205,119,2079845,0.10788249969482422
9.256305694580078,120,2097925,0.10778427124023438
9.251605033874512,121,2115763,0.10751128196716309
9.240959167480469,122,2133810,0.10802149772644043
9.237320899963379,123,2151846,0.10767197608947754
9.227860450744629,124,2169585,0.10805726051330566
9.222155570983887,125,2178021,0.08493852615356445
9.21477222442627,126,2195694,0.10930109024047852
9.206480979919434,127,2212916,0.10768580436706543
9.19962215423584,128,2231051,0.10736536979675293
9.19637393951416,129,2248460,0.10751533508300781
9.188663482666016,130,2266562,0.10756635665893555
9.177861213684082,131,2284928,0.10840535163879395
9.17546272277832,132,2303118,0.10745406150817871
9.161078453063965,133,2320681,0.10787439346313477
9.16175365447998,134,2338959,0.10757112503051758
9.15030574798584,135,2357402,0.10743975639343262
9.140183448791504,136,2375042,0.10768294334411621
9.133155822753906,137,2392297,0.10777091979980469
9.127411842346191,138,2410542,0.10767912864685059
9.11933422088623,139,2428633,0.10752272605895996
9.115487098693848,140,2446548,0.10983157157897949
9.103976249694824,141,2464309,0.061859130859375
9.102208137512207,142,2483302,0.11072707176208496
9.0910005569458,143,2500865,0.11130070686340332
9.086663246154785,144,2519198,0.1112668514251709
9.076628684997559,145,2536750,0.11049818992614746
9.064480781555176,146,2553917,0.10997939109802246
9.061375617980957,147,2572019,0.11106157302856445
9.0537109375,148,2590374,0.11162495613098145
9.039817810058594,149,2608267,0.11051440238952637
9.029451370239258,150,2625632,0.11170458793640137
9.033782958984375,151,2643008,0.11133289337158203
9.016952514648438,152,2660285,0.11074471473693848
9.007099151611328,153,2678079,0.11059784889221191
8.998900413513184,154,2695631,0.1111454963684082
8.993511199951172,155,2713260,0.1105198860168457
8.983646392822266,156,2721960,0.08786273002624512
8.983550071716309,157,2740249,0.11193037033081055
8.973447799682617,158,2757746,0.11082577705383301
8.959369659423828,159,2775001,0.1107933521270752
8.957268714904785,160,2792168,0.11134195327758789
8.942697525024414,161,2810094,0.11135554313659668
8.939255714416504,162,2827987,0.11068105697631836
8.933436393737793,163,2845814,0.11089777946472168
8.917466163635254,164,2864015,0.1108405590057373
8.910666465759277,165,2881534,0.11040639877319336
8.900978088378906,166,2899570,0.11062264442443848
8.89461898803711,167,2917518,0.11072969436645508
8.887391090393066,168,2935752,0.11083698272705078
8.87932014465332,169,2953304,0.11054134368896484
8.86999797821045,170,2970801,0.11134171485900879
8.858353614807129,171,2988430,0.11067748069763184
8.851991653442383,172,3006675,0.06046652793884277
8.843996047973633,173,3023930,0.11071157455444336
8.83142375946045,174,3041119,0.1107492446899414
8.828633308410645,175,3058528,0.10806131362915039
8.817008972167969,176,3076487,0.1075739860534668
8.806999206542969,177,3094622,0.10785317420959473
8.796960830688477,178,3112009,0.10759830474853516
8.789627075195312,179,3130111,0.10757803916931152
8.778409004211426,180,3148081,0.10743427276611328
8.77205753326416,181,3165666,0.10751080513000488
8.764910697937012,182,3183746,0.10745692253112793
8.74811840057373,183,3202222,0.10748147964477539
8.744150161743164,184,3220104,0.10755491256713867
8.72958755493164,185,3238360,0.10835027694702148
8.730181694030762,186,3256352,0.10758018493652344
8.725053787231445,187,3265371,0.08451604843139648
8.714424133300781,188,3282802,0.10804152488708496
8.701735496520996,189,3300695,0.1081092357635498
8.683393478393555,190,3318676,0.10738515853881836
8.681029319763184,191,3336954,0.10742855072021484
8.663946151733398,192,3355067,0.10795307159423828
8.657995223999023,193,3372663,0.10751485824584961
8.655684471130371,194,3390545,0.1073768138885498
8.644660949707031,195,3408900,0.10754704475402832
8.637165069580078,196,3426991,0.10787630081176758
8.630182266235352,197,3443828,0.10816335678100586
8.614757537841797,198,3462051,0.10753631591796875
8.608680725097656,199,3480263,0.1082761287689209
8.596943855285645,200,3497727,0.10767769813537598
8.591216087341309,201,3514883,0.10749435424804688
8.57123851776123,202,3532820,0.10745644569396973
8.572251319885254,203,3551076,0.05800294876098633
8.556750297546387,204,3568507,0.1076669692993164
8.559636116027832,205,3586345,0.1077423095703125
8.541762351989746,206,3603985,0.10789656639099121
8.530282974243164,207,3621504,0.10749387741088867
8.524423599243164,208,3639672,0.10756349563598633
8.51098346710205,209,3657554,0.10746335983276367
8.498929977416992,210,3675612,0.10842776298522949
8.486897468566895,211,3693461,0.10786557197570801
8.484511375427246,212,3710804,0.10739517211914062
8.472434043884277,213,3728323,0.10756397247314453
8.471242904663086,214,3746106,0.1073911190032959
8.462262153625488,215,3763691,0.10764360427856445
8.445359230041504,216,3781694,0.1080169677734375
8.444503784179688,217,3799224,0.10753774642944336
8.440582275390625,218,3808485,0.08434653282165527
8.426054000854492,219,3826169,0.11713051795959473
8.408172607421875,220,3844205,0.10888290405273438
8.39482307434082,221,3862175,0.10782885551452637
8.38707160949707,222,3880420,0.10796213150024414
8.380600929260254,223,3898885,0.10827350616455078
8.368155479431152,224,3916833,0.10795783996582031
8.353979110717773,225,3934924,0.10824894905090332
8.35407829284668,226,3952190,0.1082158088684082
8.343951225280762,227,3970534,0.10796427726745605
8.333951950073242,228,3988625,0.10802125930786133
8.322660446166992,229,4006111,0.1078951358795166
8.314589500427246,230,4024136,0.10784578323364258
8.31110954284668,231,4042436,0.10793709754943848
8.298678398132324,232,4060043,0.10786104202270508
8.279495239257812,233,4078035,0.10770368576049805
8.280061721801758,234,4096049,0.058248281478881836
8.263257026672363,235,4113568,0.11073827743530273
8.257975578308105,236,4130669,0.10864853858947754
8.248459815979004,237,4148199,0.10785293579101562
8.23636531829834,238,4165443,0.10759687423706055
8.226432800292969,239,4183072,0.10879731178283691
8.215314865112305,240,4201053,0.10771751403808594
8.21197509765625,241,4218176,0.10806012153625488
8.194076538085938,242,4235398,0.10815858840942383
8.181766510009766,243,4253368,0.10817456245422363
8.185893058776855,244,4271283,0.10777950286865234
8.181270599365234,245,4288780,0.10796737670898438
8.160576820373535,246,4306233,0.10889339447021484
8.148932456970215,247,4323840,0.10781168937683105
8.144280433654785,248,4341722,0.10800766944885254
8.134634971618652,249,4350301,0.08453083038330078
8.120051383972168,250,4368788,0.10912418365478516
8.121650695800781,251,4386901,0.10797929763793945
8.111690521240234,252,4404453,0.11193561553955078
8.104493141174316,253,4422137,0.1109919548034668
8.0897216796875,254,4440096,0.111907958984375
8.087925910949707,255,4457604,0.11117887496948242
8.065601348876953,256,4475948,0.11102437973022461
8.05202865600586,257,4493786,0.11098361015319824
8.03968334197998,258,4511844,0.11206531524658203
8.039254188537598,259,4530639,0.11107230186462402
8.0191011428833,260,4549137,0.11106085777282715
8.032927513122559,261,4566953,0.11082077026367188
8.004749298095703,262,4585374,0.1112527847290039
8.001470565795898,263,4603245,0.11098647117614746
7.999841213226318,264,4621391,0.11216545104980469
7.986052989959717,265,4639229,0.06106448173522949
7.972588062286377,266,4657375,0.11187958717346191
7.964109420776367,267,4674663,0.11120772361755371
7.957109451293945,268,4692930,0.1123208999633789
7.943408489227295,269,4710889,0.11133098602294922
7.948220729827881,270,4728639,0.11189746856689453
7.923329830169678,271,4746433,0.11173558235168457
7.916107177734375,272,4764007,0.11137580871582031
7.926879405975342,273,4782120,0.11054062843322754
7.906146049499512,274,4799408,0.11096811294555664
7.893208980560303,275,4816267,0.11105561256408691
7.883389472961426,276,4833566,0.11109566688537598
7.880905628204346,277,4851547,0.11088442802429199
7.873825550079346,278,4869550,0.11111140251159668
7.8601484298706055,279,4887113,0.11124181747436523
7.8420562744140625,280,4896055,0.08770203590393066
7.834014415740967,281,4913585,0.11279940605163574
7.846378803253174,282,4931544,0.11110973358154297
7.819253921508789,283,4949833,0.11109447479248047
7.81474494934082,284,4967473,0.1109623908996582
7.806204319000244,285,4984508,0.11092567443847656
7.81204080581665,286,5001257,0.11206912994384766
7.804469585418701,287,5019040,0.11100506782531738
7.7907257080078125,288,5036713,0.1110224723815918
7.767426013946533,289,5054584,0.11122584342956543
7.761800289154053,290,5072345,0.11093473434448242
7.74623441696167,291,5090788,0.11121344566345215
7.751399517059326,292,5108230,0.11092734336853027
7.754288196563721,293,5126189,0.111114501953125
7.735077381134033,294,5144379,0.11084342002868652
7.7208333015441895,295,5162272,0.1116342544555664
7.713226795196533,296,5180209,0.06097054481506348
7.720686435699463,297,5197497,0.11095571517944336
7.708685398101807,298,5215104,0.11146688461303711
7.697890281677246,299,5232513,0.11266016960144043
7.6843438148498535,300,5249460,0.11148905754089355
7.689958095550537,301,5267133,0.11090564727783203
7.670614242553711,302,5285268,0.1108555793762207
7.666374683380127,303,5303513,0.11146974563598633
7.66094446182251,304,5321219,0.11189889907836914
7.642266273498535,305,5339354,0.11138415336608887
7.627404689788818,306,5356719,0.11143350601196289
7.6412811279296875,307,5373941,0.11103081703186035
7.622635364532471,308,5391625,0.11099696159362793
7.612667083740234,309,5409760,0.11117959022521973
7.596775531768799,310,5427785,0.11111044883728027
7.593820095062256,311,5436716,0.08820247650146484
7.593921661376953,312,5454576,0.11213493347167969
7.569289684295654,313,5472480,0.11099958419799805
7.574504375457764,314,5490208,0.11091876029968262
7.567223072052002,315,5507507,0.11098909378051758
7.571582317352295,316,5524949,0.11130833625793457
7.552804946899414,317,5542710,0.1110837459564209
7.555960655212402,318,5559811,0.11039352416992188
7.540354251861572,319,5577836,0.1113133430480957
7.527598857879639,320,5596224,0.1112830638885498
7.5362162590026855,321,5614293,0.11097288131713867
7.528559684753418,322,5631955,0.11086678504943848
7.5084123611450195,323,5649639,0.11117029190063477
7.5046772956848145,324,5667367,0.11110424995422363
7.503342628479004,325,5685568,0.11113190650939941
7.491151809692383,326,5702746,0.11147856712341309
7.494319438934326,327,5720364,0.06160688400268555
7.490367889404297,328,5738356,0.11107277870178223
7.46842098236084,329,5755831,0.11097598075866699
7.471611976623535,330,5774120,0.11236977577209473
7.459249496459961,331,5791727,0.11143231391906738
7.453072547912598,332,5810027,0.11129140853881836
7.4409942626953125,333,5827821,0.11079096794128418
7.435177326202393,334,5846066,0.11153769493103027
7.431667327880859,335,5863794,0.11102533340454102
7.425995349884033,336,5881269,0.11139225959777832
7.417016506195068,337,5899206,0.11138248443603516
7.411304950714111,338,5917154,0.1111595630645752
7.394308090209961,339,5934937,0.11090588569641113
7.404850006103516,340,5952621,0.11148667335510254
7.398726463317871,341,5970206,0.11143875122070312
7.40109920501709,342,5978620,0.08793044090270996
7.382488250732422,343,5996733,0.11181473731994629
